6935
6935
6935
6935
6937
6937
6937
6938
6938
6939
6940
6940
6941
6942
6942
6943
6944
6945
6950
6951
6952
6953
6953
6955
6957
6958
6958
6962
6964
6965
6965
6966
6966
6967
6968
6969
6970
6972
6972
6974
6974
6976
6978
6978
6980
6982
6982
8810
8810
8810
8811
8811
8812
8812
8813
8815
8815
8815
8820
8820
8821
8821
8823
8823
8823
8825
8825
8825
8825
8827
8827
8829
8829
8830
8831
8831
8832
8833
8833
8833
8834
8835
8835
8835
8836
8836
8837
8837
8838
8839
8839
8841
8842
8842
8843
8844
8844
8845
8846
8847
8847
8848
8849
8849
8850
8850
8850
8851
8852
8852
8853
8854
8855
8856
8856
8857
8858
8859
8859
8860
8861
8861
8861
8863
8864
8865
8866
8866
8868
8869
8870
8871
8872
8873
8875
8883
8884
8886
8886
8887
9961
9962
9963
9965
9969
9969
9969
9971
9971
9971
9972
9973
9973
9973
9974
9974
9975
9976
9977
9979
9984
9985
9985
9985
9997
9997
9999
10000
10001
10041
10043
10045
10046
10046
10047
10048
10049
10050
10050
10052
10052
10053
10054
10054
10055
10056
10057
10058
10060
10060
10060
10061
10062
10063
10064
10064
10066
10067
10068
10069
10069
10069
10070
10073
10073
10075
10075
10077
10080
10080
10081
10082
10082
10083
10086
10089
10089
10092
10092
10093
10661
10664
10666
10667
10669
10671
10672
10680
10682
10684
10684
10685
10686
10696
10697
10698
10700
10700
10702
10702
10704
10704
10706
10706
10706
10708
10708
10709
10710
10712
10712
10713
10715
10715
10717
10718
10719
10720
10720
10722
10722
10724
10724
10726
10726
10784
10786
10787
10804
10805
10806
10807
10808
10808
10809
10809
10810
10810
10811
10811
10812
10813
10813
10814
10824
10825
10826
10826
10828
10828
10830
10830
10832
10832
10832
10833
10834
10834
10836
10837
10840
10844
10844
10845
10847
10849
10856
10858
10859
10860
10860
10860
10862
10879
10879
11431
11431
11431
11431
11435
11435
11435
11436
11436
11437
11437
11438
11438
11443
11443
11443
11443
11443
11444
11445
11445
11445
11446
11447
11447
11447
11447
11448
11449
11449
11449
11450
11451
11451
11451
11453
11453
11453
11454
11455
11455
11456
11457
11457
11457
11458
11458
11459
11460
11461
11461
11462
11463
11463
11463
11465
11465
11467
11467
11467
11468
11468
11469
11469
11471
11471
11471
11472
11473
11473
11473
11474
11475
11475
11477
11478
11479
11479
11480
11480
11480
11481
11482
11482
11483
11483
11484
11485
11487
11488
11489
11489
11490
11491
11492
11499
12099
12099
12099
12099
12099
12100
12100
12100
12101
12101
12105
12105
12106
12106
12107
12107
12107
12108
12108
12109
12109
12109
12110
12111
12111
12111
12111
12113
12113
12113
12115
12115
12115
12117
12117
12118
12118
12119
12119
12120
12121
12121
12122
12122
12123
12123
12124
12124
12125
12125
12126
12126
12127
12127
12127
12128
12129
12130
12130
12131
12131
12133
12133
12134
12135
12135
12136
12137
12137
12137
12138
12139
12139
12140
12140
12140
12141
12141
12142
12142
12142
12143
12144
12144
12144
12146
12148
12149
12150
12151
12153
12730
12730
12730
12730
12732
12732
12732
12733
12734
12734
12734
12734
12735
12735
12736
12737
12737
12737
12738
12738
12739
12740
12740
12740
12740
12741
12741
12742
12742
12743
12744
12744
12744
12746
12749
12750
12752
12752
12752
12754
12754
12754
12755
12777
12777
12778
12779
12779
12780
12781
12781
12781
12782
12782
12782
12782
12783
12784
12784
12784
12785
12785
12785
12785
12785
12785
12786
12786
12786
12787
12787
12788
12788
12789
12790
12790
12790
12791
12791
12791
12792
12792
12793
12793
12794
12795
12796
12796
12796
12797
12798
12798
12801
12801
12804
12808
12808
12809
12809
12810
12811
12813
12814
12815
12815
12816
12817
12817
12819
12826
12826
12826
12826
12826
12826
12826
12827
12827
12828
12828
12828
12828
12829
12829
12829
12829
12829
12829
12830
12830
12830
12831
12831
12831
12831
12832
12832
12832
12832
12832
12833
12833
12834
12835
12835
12836
12836
12837
12837
12837
12837
12837
12838
12838
12839
12840
12840
12841
12842
12842
12843
12843
12843
12843
12844
12845
12845
12845
12847
12849
12850
12852
12856
12857
12860
12860
12861
12862
12862
12862
12864
12865
12866
12867
12868
12870
12871
12873
12873
12874
12874
12875
12876
12877
12879
12884
12885
12886
12886
12887
12887
12888
12888
12889
12890
12892
12893
12894
12895
12896
12897
12899
12903
12904
12908
12916
12916
12917
12919
12978
12981
12981
12995
12995
13567
13569
13571
13571
13572
13573
13579
14466
14466
14468
14468
14470
14470
14471
14472
14472
14472
14473
14474
14474
14474
14474
14475
14476
14476
14476
14478
14478
14479
14480
14484
14484
14486
14486
14488
14488
14490
14491
14493
14494
14494
14495
14497
14499
14506
14506
14507
14509
14510
14510
14511
14512
14513
14515
14518
14520
14520
14520
14521
14523
14523
14532
14534
14534
14535
14536
14536
14537
14537
14538
14544
14545
14547
14558
14562
14564
14566
14566
14570
14570
14572
14572
14573
14575
14577
14585
14592
14593
14598
14598
14600
14602
14610
14611
14612
14612
14614
14621
14622
14629
14630
14630
14630
14630
14631
14857
14859
14861
14878
14879
14880
14882
14883
14884
14887
14891
14892
14896
14898
14901
14902
14904
14911
14916
14916
14917
14919
14920
14922
14923
14924
14925
14927
14928
14931
14931
14932
14932
14932
14932
14933
14933
14934
14934
14934
14935
14935
14936
14937
14942
14942
14943
14944
14944
14944
14946
14947
14947
14948
14949
14950
14950
14952
14952
14953
14953
14954
14955
14955
14955
14956
14956
14957
14978
14979
14981
14998
14998
14999
15000
15000
15003
15004
15006
15007
15008
15009
15011
15011
15011
15012
15013
15014
15016
15018
15018
15018
16395
16396
16398
16398
16398
16408
16410
16411
16413
16417
16419
16420
16422
16423
16428
16478
16480
16482
16482
16484
16486
16490
16491
16493
16494
16495
16496
16496
16497
16498
16498
16499
16501
16502
16504
16506
16506
16507
16508
16509
16510
16511
16511
16512
16512
16514
16514
16514
16516
16516
16517
16518
16519
16520
16521
16522
16522
16523
16524
16525
16526
16526
16527
16529
16531
16532
16532
16534
16535
16544
16545
16546
16547
16547
16548
16549
16550
16551
16551
16551
16552
16552
16554
16568
16569
16570
16571
16572
16572
16574
16574
16574
16575
16576
16576
16598
17012
17012
17013
17015
17015
17015
17016
17017
17017
17019
17019
17019
17019
17019
17020
17021
17021
17021
17021
17021
17022
17022
17023
17023
17023
17023
17023
17024
17024
17025
17025
17025
17025
17026
17026
17026
17027
17027
17027
17028
17028
17029
17029
17029
17030
17031
17031
17031
17032
17033
17033
17034
17035
17036
17037
17037
17037
17039
17039
17040
17042
17042
17043
17044
17044
17046
17046
17048
17048
17049
17050
17051
17052
17052
17053
17054
17054
17055
17056
17056
17056
17058
17058
17058
17059
17060
17061
17062
17063
17063
17065
17065
17066
17067
17067
17067
17298
17302
17304
17306
17308
17313
17315
17325
17326
17328
17328
17329
17331
17337
17338
17340
17342
17344
17346
17348
17349
17351
17358
17358
17360
17362
17363
17365
17367
17369
17370
17371
17378
17380
17385
17387
17389
17390
17392
17398
17398
17398
17400
17400
17408
17430
17432
17434
17436
17438
17440
17447
17448
17451
17452
17454
17454
17456
17456
17458
17460
17461
17461
17462
17463
17463
17463
17464
17465
17466
17467
17468
17469
17469
17471
17471
17472
17474
17476
17478
17480
17481
17485
17486
17487
17487
17487
17489
17491
17491
17491
17493
17495
17497
17498
17501
18227
18227
18227
18227
18229
18229
18229
18229
18230
18230
18231
18231
18232
18232
18232
18233
18234
18234
18234
18235
18236
18236
18236
18237
18239
18240
18241
18242
18243
18243
18244
18244
18245
18245
18247
18247
18269
18269
18270
18271
18271
18272
18274
18274
18275
18275
18275
18276
18278
18278
18279
18279
18280
18280
18281
18281
18282
18282
18283
18283
18284
18284
18285
18287
18287
18289
18303
18303
18305
18306
18307
18307
18308
18309
18309
18311
18311
18312
18312
18318
18320
18323
18323
18325
18325
18326
18328
18330
18331
18333
18333
18334
18336
18337
18338
18341
18437
18437
18438
18438
18440
18446
18446
18446
18448
18448
18448
18449
18450
18451
18452
18453
18454
18455
18456
18456
18458
18458
18460
18460
18461
18462
18463
18463
18466
18466
18468
18468
18469
18469
18470
18470
18471
18471
18472
18472
18473
18474
18485
18486
18486
18486
18488
18488
18488
18489
18489
18490
18490
18515
18516
18518
18520
18521
18523
18523
18526
18526
18528
18528
18530
18530
18531
18532
18533
18534
18535
18536
18537
18538
18538
18539
18540
18542
18544
18544
18546
18546
18546
18547
18548
18562
18562
18564
18566
18570
18574
18576
18577
18577
18578
18580
18585
18586
18586
18587
18594
18596
18971
18995
18999
19001
19003
19003
19003
19005
19005
19006
19006
19038
19901
19901
19901
19905
20377
20382
20382
20383
20713
20713
20713
20713
20715
20715
20715
20717
20717
20718
20719
20719
20719
20721
20722
20722
20723
20725
20725
20726
20728
20731
20731
20731
20732
20734
20735
20736
20736
20737
20737
20738
20739
20740
20742
20746
20746
20748
20750
20750
20753
20763
20764
20764
20766
20766
21084
21091
21093
21098
21100
21101
21103
21106
21108
21108
21110
21127
21130
21132
21132
21132
21133
21144
21144
21160
21466
21466
21466
21471
21472
21472
21472
21474
21474
21474
21475
21476
21476
21477
21477
21477
21478
21478
21479
21479
21480
21481
21483
21483
21484
21485
21485
21485
21485
21486
21487
21487
21488
21488
21488
21489
21490
21490
21491
21491
21492
21492
21493
21494
21494
21494
21495
21495
21496
21497
21497
21498
21499
21499
21500
21500
21501
21501
21501
21502
21504
21504
21505
21506
21506
21507
21510
21511
21512
21512
21514
21516
21516
21517
21518
21520
21523
21523
21524
21525
21526
21528
21530
21530
21530
21532
21532
21533
21534
21536
22015
22016
22019
22019
24450
24450
24450
24450
24451
24452
24452
24452
24452
24454
24454
24454
24454
24454
24456
24456
24456
24457
24457
24458
24458
24458
24459
24459
24459
24460
24461
24461
24461
24462
24462
24463
24464
24464
24465
24466
24466
24467
24468
24468
24468
24469
24470
24470
24471
24472
24473
24474
24475
24476
24477
24477
24478
24479
24479
24479
24480
24481
24481
24482
24483
24483
24484
24484
24484
24486
24486
24486
24487
24488
24489
24490
24491
24491
24492
24493
24493
24493
24495
24495
24497
24497
24498
24498
24499
24499
24500
24502
24502
24503
24504
24506
24506
26024
26026
26028
26028
26029
26030
26032
26032
26032
26034
26034
26035
26037
26037
26040
26044
26046
26046
26046
26046
26046
26048
26049
26050
26050
26050
26051
26051
26051
26051
26052
26052
26052
26052
26052
26053
26053
26055
26056
26056
26058
26058
26058
26059
26060
26060
26060
26060
26060
26060
26062
26062
26062
26062
26063
26064
26064
26064
26064
26064
26065
26066
26066
26067
26067
26067
26067
26067
26069
26069
26069
26070
26070
26071
26071
26071
26071
26072
26072
26073
26073
26073
26073
26074
26074
26074
26075
26075
26075
26076
26076
26076
26077
26077
26077
26077
26077
26078
26078
26079
26079
26079
26079
26079
26080
26080
26080
26080
26081
26081
26083
26083
26083
26083
26084
26085
26085
26085
26086
26087
26087
26087
26087
26087
26088
26088
26089
26089
26089
26089
26089
26090
26090
26090
26090
26091
26092
26092
26092
26093
26094
26094
26094
26095
26095
26096
26099
26100
26100
26101
26102
26103
26104
26105
26107
26108
26110
26112
26114
26116
26117
26119
26120
26121
26122
26124
26125
26126
26127
26127
26129
26129
26131
26132
26133
26135
26139
26141
26145
26147
26147
26148
26149
26149
26150
26151
26153
26155
26158
26159
26161
26161
26162
26163
26165
26396
26399
26399
26402
28578
28578
28578
28579
28579
28579
28580
28586
29511
29511
29513
29522
29524
29538
29540
29542
29548
29550
29550
29550
29552
29553
29554
29555
29557
29558
29560
29563
29565
29569
29570
29570
29571
29572
29572
29573
29597
29845
29845
29849
29849
29849
29850
29850
30917
30919
30919
30919
30920
30922
30949
30973
30985
35611
35612
35613
35616
35618
35620
35624
35624
35626
35631
35636
35636
35636
35637
35638
35638
35639
35640
35640
35650
35669
35669
35671
35673
35688
35689
35690
35691
35693
35693
39632
39633
39635
39686
39696
39696
39698
39707
39736
39748
39748
39752
39760
39760
39762
39762
39764
39764
39764
39766
39766
39768
39768
39774
39797
39798
39800
39800
39801
39801
39812
39822
39828
39829
39830
39835
39840
42048
42048
42049
42049
42050
42056
42058
42058
42058
42061
42067
42067
42067
42069
42069
42069
42070
42071
42075
42075
42077
42079
42081
42086
42086
42087
42087
42089
42092
42094
42095
42098
42099
42099
42101
42116
42116
42129
44649
44650
44650
44651
44651
44652
44652
44652
44653
44653
44653
44654
44654
44654
44655
44655
44655
44656
44656
44656
44657
44657
44657
44658
44659
44660
44661
44665
44665
44666
44666
44666
44666
44666
44666
44667
44668
44669
44669
44669
44669
44670
44670
44670
44670
44670
44671
44671
44671
44671
44672
44687
44688
44690
44691
44692
44692
44694
44695
44696
44696
45198
45200
45201
45202
45203
45204
45205
45206
45206
45208
45208
45209
45210
45211
45221
45221
45221
47037
47037
47038
47039
47305
47306
47308
47309
47310
47312
47314
47321
47322
47323
47324
47326
47331
47333
47333
47335
47337
47339
47339
47339
47339
47340
47340
47341
47341
47342
47344
47345
47345
47346
47347
47349
47351
47357
47358
47360
47360
47361
47362
47362
47364
47364
47366
47367
47369
47370
47372
47373
47374
47375
47401
47401
47402
47404
47406
47421
50233
50237
50238
50239
52791
52791
52793
52794
55318
55319
55326
55326
55328
55329
55330
55330
56767
56769
56770
56773
56776
56778
56781
56783
56788
56792
57896
57905
57948
57988
58056
58056
58058
58060
58062
58063
58063
58121
58140
58142
58161
58161
58162
58166
58168
58244
58318
58336
58344
69879
69879
69881
69881
69883
69883
69884
69885
69886
69887
69887
69888
69888
69889
69889
69891
69891
69891
69891
69891
69893
69893
69893
69895
69895
69897
69898
69898
69899
69899
69900
69901
69901
69902
69902
69904
69904
69904
69906
69906
69906
69906
69908
69908
69908
69910
69910
69910
69911
69911
69911
69912
69912
69918
70289
70289
70291
70291
70291
70292
70293
70295
70295
70295
70296
70296
70297
70298
70299
70300
70301
70303
70304
70305
70306
70307
70308
70309
70310
70311
70312
70312
70313
70314
70314
70316
70316
70319
70319
70320
70321
70321
70322
70322
70323
70324
70326
70327
70328
70328
70330
70330
70331
70333
70334
70335
70335
70335
70337
70337
70339
70339
70340
70340
70341
70342
70343
70343
70344
70345
70346
70356
70359
70360
70361
70362
70362
70363
70369
70371
70373
70374
70375
70375
70376
70376
70377
70379
70381
70387
70387
70388
70389
70390
70391
70391
70392
70392
70401
70401
71780
71782
71784
71786
71788
71790
71792
71794
71796
71798
71800
71801
71804
71806
71807
71808
71810
71810
71812
71813
71814
71814
71815
71815
71816
71816
71817
71818
71818
71820
71821
71822
71824
71826
71832
71834
71836
71838
71840
71842
71844
71846
71849
71849
71849
71850
71851
71851
71852
71853
71853
71853
71854
71854
71855
71856
71857
71858
71858
71860
71862
71864
71865
71866
71868
71869
71870
71871
71872
71873
71874
71874
71875
71875
71876
71876
71876
77508
77536
77539
77544
77544
77549
77549
77562
77574
77576
77576
77577
77578
77578
77579
77580
77584
77584
77584
77585
77592
77595
77600
77604
83140
83142
83143
83146
83148
83148
83149
83151
83152
83153
83155
83163
83164
83166
83167
83169
83176
83177
83179
83179
83180
83182
83184
83185
83192
83193
83199
83199
83200
83201
83207
83208
83210
83211
83219
83220
83221
83223
83225
83227
83229
83236
83237
83237
83238
83240
83242
83248
83249
83250
83252
83252
83253
83254
83260
83262
83300
83300
83302
83302
83303
83303
83304
83304
83305
83305
83305
83307
83311
83324
86745
86745
86745
86747
86747
86747
86749
86749
86749
86749
86751
86751
86751
86752
86753
86753
86753
86754
86755
86755
86756
86757
86757
86759
86759
86760
86760
86761
86761
86762
86763
86763
86764
86764
86765
86765
86765
86767
86767
86768
86769
86770
86770
86772
86773
86774
86774
86776
86776
86778
86778
86778
86780
86780
86781
86782
86783
86783
86784
86784
86785
86786
86787
86788
86788
86789
86790
86790
86791
86791
86792
86793
86794
86796
86797
86799
86801
86801
86802
86802
86804
86804
86805
86805
86807
86807
86808
86809
86810
86810
86812
86813
86813
86814
86814
86820
89925
89928
89929
89929
89929
89931
89932
100653
100655
100655
100657
100657
100658
100659
100659
100659
100659
100660
100661
100661
100662
100663
100664
100664
100674
100675
100677
100678
100727
100728
100729
100730
100731
100731
100732
100732
100733
100733
100742
100743
100744
100745
100745
100746
100746
100747
100749
100750
100751
100751
100753
100755
100763
100764
100765
100766
100766
100766
100767
100767
100769
100769
100769
100773
100775
100776
100776
100777
100777
107589
107596
107597
107599
107600
107600
107601
107604
107604
107607
107607
107608
107608
107609
107610
107610
107611
107611
107612
107613
107613
107613
107615
107616
107618
107620
107621
107621
107622
107623
107624
107624
107627
107628
107629
107631
107631
107631
107631
107633
107633
107633
107634
107634
107635
107636
107636
107637
107641
107642
107642
107644
107644
107644
107645
107646
107648
107656
107658
107658
107659
109346
109346
109346
109348
109349
109351
109353
109355
109356
109358
109360
109361
109363
109363
109364
109365
109401
109401
109404
109408
109411
109411
109413
109419
109420
109420
109422
109422
109423
109424
109424
109425
109427
109432
109434
109436
109436
109437
109438
109442
109444
109444
109446
109446
109446
109448
109448
109450
109450
109452
109452
109453
109454
109455
109456
109463
109465
109466
109467
109468
109474
109477
109490
109508
109620
117123
117123
117123
117123
117125
117125
117125
117125
117127
117127
117128
117128
117131
117131
117168
117169
117170
117170
117171
117171
117171
117173
117173
117173
117175
117176
117176
117177
117177
117177
117180
117180
117182
117182
117184
117186
117187
117188
117188
117188
117190
117190
117190
117191
117192
117192
117193
117194
117195
117196
117197
117198
117199
117200
117200
117200
117201
117202
117203
117204
117205
117210
117210
117212
117212
117213
117214
117214
117214
117215
117216
117216
117217
117218
117219
117219
117219
117220
117221
117221
117223
117223
117225
117226
117227
117229
117230
117235
133132
133132
143961
143964
143964
143965
143966
143966
143967
143969
143970
143972
143973
144033
144034
144036
144037
153999
154001
154006
154027
221132
221133
221133
221133
221134
221135
221135
221135
221135
221143
221143
221143
221143
221143
221145
221145
221146
221147
221147
221148
221148
221148
221148
221149
221149
221150
221151
221152
221152
221152
221153
221153
221153
221154
221154
221156
221157
221157
221157
221159
221159
221159
221160
221160
221161
221161
221161
221161
221163
221163
221164
221164
221164
