7080
7080
7080
7080
7080
7080
7082
7082
7082
7082
7082
7082
7084
7084
7084
7085
7086
7087
7088
7090
7090
7092
7099
7099
7099
7101
7101
7101
7103
7103
7105
7105
7105
7105
7106
7106
7106
7108
7109
7109
7110
7110
7111
7112
7113
7113
7113
7113
7113
7114
7115
7115
7116
7117
7118
7119
7119
7121
7121
7123
7123
7125
7125
7127
7127
7127
7129
7129
7131
7132
7133
7133
7133
7135
7137
7137
7139
7140
7144
7144
7146
7146
7148
7152
7157
7158
7160
7163
7170
7172
7174
7176
7183
7348
7348
7348
7358
7360
7361
7362
7364
7364
7366
7366
7369
7369
7369
7371
7372
7373
7376
7376
7377
7377
7378
7381
7381
7383
7384
7384
7386
7388
7391
7391
7394
7401
7401
7401
7402
7402
7402
7403
7403
7404
7404
7404
7404
7405
7405
7405
7405
7406
7406
7607
7607
7607
7609
7610
7610
7612
7614
7614
7616
7617
7617
7618
7619
7626
7626
7628
7630
7630
7630
7631
7641
7642
7642
7644
7644
7644
7646
7646
7650
7652
7654
7654
7654
7655
7656
7662
7664
7664
7664
7664
7664
7664
7664
7664
7664
7665
7665
7666
7666
7666
7666
7666
7666
7667
7667
7668
7668
7669
7669
7669
7669
7671
7671
7671
7672
7672
7672
7672
7673
7673
7674
7674
7674
7674
7674
7675
7675
7675
7675
7676
7676
7676
7676
7676
7677
7677
7677
7678
7678
7680
7687
7687
7687
7687
7688
7688
7689
7689
7690
7690
7690
7690
7692
7692
7692
7692
7692
7694
7694
7694
7694
7695
7695
7697
7697
7698
7698
7698
7699
7699
7700
7700
7700
7700
7700
7700
7702
7702
7702
7702
7702
7702
7703
7704
7704
7704
7704
7704
7704
7704
7704
7705
7705
7705
7705
7706
7706
7706
7706
7706
7707
7707
7707
7709
7709
7709
7710
7710
7710
7712
7712
7712
7712
7712
7714
7714
7714
7714
7714
7715
7715
7716
7716
7716
7717
7717
7717
7717
7717
7717
7718
7718
7719
7719
7719
7719
7720
7720
7722
7722
7723
7723
7731
7731
7733
7733
7735
7735
7735
7735
7737
7737
7737
7737
7739
7739
7741
7741
7741
7741
7741
7741
7742
7742
7742
7743
7743
7744
7744
7744
7744
7745
7745
7747
7747
7779
7779
7780
7783
7786
7786
7786
7786
7787
7788
7789
7790
8292
8292
8293
8293
8294
8294
8294
8294
8298
8300
8300
8300
8302
8302
8302
8304
8304
8305
8318
8320
8322
8323
8330
8338
8342
8343
8345
8345
8346
8347
8348
8349
8351
8355
8357
8358
8358
8359
8359
8359
8360
8364
8366
8368
8369
8370
8371
8372
8372
8374
8374
8375
8376
8382
8383
8384
8385
8386
8387
8388
8390
8391
8393
8393
8394
8395
8395
8405
8406
8406
8407
8408
8408
8409
8444
8445
8446
8446
8447
8447
8448
8449
8449
8450
8452
8453
8455
8456
8459
8459
8461
8464
8466
8466
8468
8469
9615
9615
9615
9615
9617
9617
9618
9619
9621
9621
9621
9621
9622
9623
9624
9624
9624
9625
9626
9626
9626
9627
9628
9629
9629
9631
9633
9634
9635
9636
9636
9637
9640
9640
9642
9643
9644
9644
9646
9647
9649
9651
9653
9654
9655
9657
9657
9659
9660
9662
9665
9665
9665
9665
9665
9671
9672
9678
9680
9682
9682
9684
9688
9690
9691
9692
9693
9697
9699
9701
9703
9703
9705
9707
9709
9711
9713
9717
9721
9722
9723
9724
9727
9728
9730
9730
9732
9733
9740
9740
9740
9742
9744
9747
9748
9758
9868
9869
9869
9870
9870
9870
9871
9871
9871
9872
9873
9874
9874
9874
9876
9876
9877
9878
9879
9880
9883
9883
9887
9889
9895
9903
9904
9904
9905
9906
9907
9912
9914
9916
9916
9918
9919
9921
9923
9924
9926
9937
9937
9938
9960
9961
9963
9963
9964
9990
9991
9993
9997
10002
10003
10003
10006
10009
10011
10013
10017
10017
10017
10019
10019
10019
10021
10021
10021
10023
10023
10025
10025
10025
10027
10029
10031
10050
10053
10054
10058
10064
10064
10073
10089
10093
10095
10103
10116
10120
10146
10150
10152
11572
11585
11586
11597
11602
11615
11625
11625
11627
11628
11630
11632
11632
11640
11646
11647
11648
11649
11650
11656
11656
11658
11693
11695
11695
11696
11697
11698
11700
11713
11714
11717
11718
11724
11725
11733
11733
11734
11734
11735
11736
11737
11738
11739
11740
11741
11741
11742
11742
11743
11743
11743
11743
11744
11745
11745
11745
11747
11749
11749
11749
11749
11751
11753
11754
11755
11805
11925
11925
11925
11927
11928
11928
11930
11930
11930
11931
11932
11933
11933
11936
11938
11950
12149
12150
12152
12154
12176
12178
12180
12180
12182
12182
12182
12182
12184
12184
12184
12186
12187
12188
12188
12188
12188
12191
12191
12192
12192
12192
12194
12194
12194
12194
12195
12196
12197
12197
12199
12199
12200
12201
12201
12202
12203
12213
12214
12215
12216
12217
12218
12220
12220
12223
12226
12226
12228
12228
12229
12230
12231
12232
12234
12235
12239
12240
12242
12244
12247
12248
12250
12252
12252
12253
12254
12257
12260
12268
12268
12272
12276
12277
12278
12280
12280
12309
12314
12316
12339
12341
12344
12348
12348
13770
13770
13771
13772
13772
13773
13775
13776
13777
13780
13781
13783
13784
13785
13785
13788
13794
13796
13804
13804
13806
13806
13808
13809
13810
13816
13816
13817
13819
13828
13830
13833
13836
13840
13843
13845
13846
13887
13890
13895
13895
13896
13897
13897
13898
13899
13900
13901
13901
13902
13904
13907
13908
13908
13909
13909
13909
13915
13916
13917
13919
13919
13930
13932
13936
13940
13940
13940
13942
13942
13942
13943
13944
13945
13946
13946
13947
13948
13949
13950
13953
13958
13965
14898
14898
14900
14900
14902
14908
14911
14913
14916
14916
14916
14917
14918
14920
14922
14922
14922
14924
14928
14929
14932
14932
14936
14938
14939
14941
14943
14946
14947
14947
14949
14951
14953
14956
14957
14957
14958
14959
14959
14961
14961
14963
14965
14967
14968
14969
14970
14972
14974
14976
14977
14979
14981
14984
14985
14987
14989
14991
14992
14994
14996
14996
15002
15004
15006
15011
15012
15013
15015
15017
15020
15020
15020
15020
15021
15022
15023
15025
15027
15031
15032
15035
15035
15038
15039
15040
15041
15043
15045
15045
15047
15047
15049
15051
15053
15054
15500
15500
15502
15502
15502
15503
15504
15505
15507
15508
15509
15510
15511
15512
15514
15515
15519
15521
15522
15524
15525
15526
15526
15530
15530
15532
15534
15535
15535
15536
15537
15538
15540
15543
15544
15544
15547
15548
15549
15550
15551
15552
15553
15554
15556
15558
15558
15558
15560
15560
15560
15562
15562
15563
15565
15567
15570
15570
15572
15573
15574
15576
15579
15581
15582
15585
15587
15587
15589
15591
15594
15596
15601
15604
15604
15607
15607
15613
15618
15630
15631
15632
15632
15643
15643
15654
15658
15699
16553
16555
16569
16585
16587
16587
16588
16589
16593
16594
16596
16601
16601
16601
16602
16602
16603
16603
16603
16603
16604
16605
16605
16606
16606
16606
16632
16645
16651
16652
16658
16660
16662
16674
16684
16684
16686
16689
16689
16691
16691
16693
16693
16695
16695
16697
16697
16699
16699
16699
16701
16701
16701
16703
16704
16704
16705
16706
16706
16707
16707
16709
16710
16712
16714
16716
16717
16717
16719
16740
16743
16743
16744
16744
16746
16746
16748
16750
16751
16753
16941
16941
16941
16943
16944
16944
16945
16945
16946
16946
16946
16947
16948
16948
16949
16949
16949
16950
16951
16951
16952
16952
16953
16954
16954
16954
16955
16956
16956
16957
16957
16958
16958
16958
16958
16959
16960
16960
16960
16961
16961
16961
16962
16962
16963
16963
16964
16964
16965
16965
16965
16965
16966
16967
16967
16967
16967
16969
16969
16969
16969
16971
16971
16971
16972
16973
16973
16973
16973
16973
16973
16975
16975
16976
16976
16978
16978
16980
16980
16982
16982
16984
16984
16985
16985
16986
16986
16987
16987
16987
16988
16988
16989
16990
16990
16991
16996
17032
17032
17032
17034
17035
17036
17037
17038
17039
17039
17041
17042
17044
17046
17047
17049
17049
17051
17051
17051
17053
17053
17053
17055
17055
17058
17058
17060
17061
17062
17063
17065
17067
17068
17069
17071
17075
17078
17092
17096
17096
17096
17098
17099
17100
17103
17103
17104
17106
17107
17108
17110
17111
17111
17113
17115
17117
17120
17120
17120
17125
17127
17127
17127
17128
17132
17133
17138
17140
17144
17146
17151
17154
17162
17171
17175
17177
17180
17190
17190
17190
17217
17386
17386
17386
17387
17388
17389
17390
17392
17392
17395
17396
17397
17399
17399
17402
17402
17402
17403
17404
17404
17406
17406
17406
17407
17408
17408
17409
17411
17413
17415
17416
17417
17417
17419
17419
17420
17420
17421
17423
17423
17425
17425
17428
17428
17431
17431
17433
17433
17434
17436
17438
17439
17440
17441
17446
17448
17451
17451
17452
17453
17454
17457
17459
17464
17465
17467
17470
17476
17476
17479
17479
17490
17495
19478
19478
19478
19480
19480
19483
19484
19486
19486
19486
19487
19488
19489
19490
19500
19501
19502
19503
19504
19505
19508
19529
19533
19534
19536
19537
19556
19561
19563
19564
19565
19566
19567
19567
19570
19573
19574
19576
19578
19581
19584
19586
19588
19589
19590
19590
19592
19592
19594
19612
19613
19622
19624
19626
19630
19632
19634
19638
19647
19674
19676
19676
19676
19676
19677
19677
19679
19679
19687
19694
19695
19708
19714
19726
19728
19729
19730
19731
19731
19732
19733
19733
19734
19735
19735
19742
19758
19762
19765
19765
19766
19772
19774
19776
19782
19782
21244
21244
21248
21249
21252
21255
21256
21258
21267
21272
21274
21277
21279
21281
21282
21284
21284
21286
21286
21287
21288
21288
21288
21289
21289
21289
21289
21291
21291
21293
21293
21294
21295
21296
21298
21298
21300
21301
21302
21302
21304
21304
21307
21308
21309
21309
21310
21310
21311
21311
21312
21312
21312
21313
21313
21314
21314
21314
21315
21315
21315
21316
21316
21317
21318
21326
21328
21330
21330
21331
21331
21332
21332
21334
21339
21360
21361
21362
21363
21363
21365
21367
21380
21385
21386
21387
21387
21387
21387
21399
21399
21750
21754
21754
21754
21756
21756
21757
21758
21759
21759
21759
21761
21762
21763
21764
21765
21766
21766
21766
21768
21768
21768
21770
21770
21771
21771
21808
21825
21825
21827
21829
21830
21830
21832
21832
21832
21832
21834
21834
21834
21837
21837
21838
21838
21839
21840
21840
21841
21842
21842
21843
21844
21844
21845
21845
21846
21846
21847
21847
21848
21848
21849
21850
21850
21850
21850
21851
21851
21851
21852
21853
21854
21855
21855
21856
21857
21857
21859
21859
21859
21860
21861
21861
21862
21863
21864
21865
21865
21866
21876
21886
21889
21893
21893
21894
21898
21898
22860
22861
22862
22862
22862
22864
22864
22866
22868
22872
22873
22876
22883
22889
22894
22895
24723
24723
24723
24723
24723
24723
24725
24725
24725
24725
24725
24725
24725
24726
24726
24727
24727
24727
24727
24727
24728
24728
24728
24728
24729
24730
24730
24730
24731
24732
24732
24732
24732
24733
24733
24734
24734
24734
24734
24734
24735
24735
24736
24736
24736
24736
24736
24737
24737
24737
24738
24738
24739
24739
24740
24741
24741
24742
24742
24743
24743
24744
24744
24744
24745
24745
24746
24746
24747
24748
24750
24751
24752
24752
24753
24754
24754
24755
24756
24757
24757
24780
24782
24784
24784
24786
24786
24788
24797
24808
24825
25140
25140
25142
25142
25144
25144
25144
25146
25146
25147
25148
25150
25150
25151
25152
25152
25152
25153
25154
25154
25155
25156
25156
25157
25158
25158
25159
25159
25161
25205
25206
25208
25208
25208
25208
25210
25210
25211
25212
25213
25214
25214
25215
25216
25218
25220
25220
25222
25224
25224
25224
25224
25225
25225
25226
25226
25227
25227
25228
25228
25229
25230
25230
25230
25230
25230
25232
25232
25232
25233
25234
25234
25236
25236
25236
25236
25237
25238
25238
25239
25239
25240
25240
25240
25241
25241
25242
25242
25242
25243
25243
25243
25245
25247
25252
25255
25259
26392
26392
26392
26392
26393
26393
26394
26395
26396
26398
26399
26401
26402
26403
26403
26403
26403
26405
26405
26406
26407
26409
26410
26412
26416
26417
26421
26423
26424
26436
26438
26441
26450
26450
26450
26451
26453
26455
26458
26459
26480
26481
26484
26486
26486
26486
26488
26489
26490
26493
26493
26498
26502
26504
26507
26510
26513
26517
26519
26540
26560
26566
26566
26567
26567
26567
26567
26569
26569
26569
26569
26569
26569
26571
26571
26571
26571
26571
26572
26573
26573
26573
26575
26576
26585
26585
26586
26587
26588
26591
26593
26598
26600
26601
26603
26603
26603
26605
26605
26607
26607
26609
26611
26611
26619
26625
26627
26628
26630
26636
26672
26683
26683
26683
26687
26688
26688
26690
26690
26692
26694
26696
26697
26697
26700
26702
26702
26702
26705
26707
26709
26711
26722
26738
26739
26752
26771
26771
26771
27091
27103
27105
27106
27107
27108
27113
27113
27115
27116
27122
27123
27124
27127
27130
27132
27134
27136
27138
27139
27140
27141
27142
27143
27144
27146
27150
27154
27159
27159
27161
27163
27169
27170
27189
27192
27198
27198
27199
27200
27200
27200
27201
27202
27202
27202
27204
27214
27216
27217
28361
28361
28368
28376
28377
28397
28414
28423
28443
28444
28457
28458
28462
28464
28464
28466
28466
28467
28489
28504
28504
28506
28506
28507
28508
28525
28525
28525
28525
28540
29497
29501
29503
29505
29505
29506
29507
29507
29507
29513
29518
29545
29548
29549
29553
29555
29556
29557
29557
29558
29559
29559
29569
29569
29572
29575
29584
29586
29587
29587
29589
29589
29595
29597
29597
29599
29600
29601
29601
29602
29604
29605
29607
29608
29609
29611
29613
29613
29613
29615
29615
29616
29616
29618
29618
29619
29619
29620
29622
29628
29628
29629
29630
29631
29631
29633
29634
29637
29639
29641
29643
29643
29643
29644
29645
29654
29661
29661
29661
29661
29661
29663
30105
30105
30106
30106
30108
30108
30110
30110
30111
30112
30113
30114
30114
30114
30114
30116
30116
30116
30117
30133
30160
30160
30162
30162
30162
30162
30163
30163
30163
30163
30164
30165
30165
30165
30166
30167
30167
30168
30169
30169
30169
30171
30171
30171
30171
30173
30174
30176
30176
30178
30178
30180
30181
30181
30182
30183
30184
30185
30186
30186
30187
30188
30189
30189
30190
30191
30192
30194
30194
30198
30198
30198
30200
30202
30202
30204
30205
30206
30206
30207
30208
30209
30210
30210
30211
30211
30212
30213
30215
30217
30218
30221
30221
30226
30228
30231
30283
30457
30459
30461
30465
30465
30467
30468
30469
30470
30471
30471
30474
30475
30477
30480
30484
30488
30489
30489
30491
30493
30493
30496
30498
30500
30501
30521
30523
30525
30527
30528
30531
30534
30536
30635
30637
30753
30754
30756
30756
30758
30758
30760
30760
30762
30763
30765
30767
30767
30767
32024
32024
32026
32026
32027
32027
32028
32028
32029
32029
32029
32029
32030
32030
32032
32032
32034
32034
32035
32035
32037
32037
32043
32043
32044
32044
32045
32045
32046
32046
32046
32046
32048
32048
32049
32049
32052
32052
32056
32056
32057
32057
32057
32057
32058
32058
32058
32058
32059
32059
32059
32059
32060
32060
32060
32060
32061
32061
32062
32062
32063
32063
32064
32064
32064
32064
32065
32065
32065
32065
32066
32066
32067
32067
32067
32067
32067
32067
32067
32067
32069
32069
32069
32069
32069
32069
32071
32071
32071
32071
32073
32073
32076
32076
32076
32076
32078
32078
32079
32079
32080
32080
32082
32082
32082
32082
32084
32084
32085
32085
32087
32087
32088
32088
32089
32089
32094
32094
32095
32095
32098
32098
32105
32105
32106
32106
32106
32106
32106
32106
32108
32108
32120
32120
32120
32120
32122
32122
32458
32460
32461
32463
32463
32465
32466
32467
32468
32469
33168
33169
33171
33172
33172
33172
33173
33174
33175
33175
33176
33176
33177
33178
33178
33180
33180
33180
33180
33182
33182
33184
33184
33186
33187
33188
33189
33189
33191
33193
33194
33195
33196
33196
33198
33198
33198
33199
33199
33199
33199
33200
33200
33200
33207
33207
33209
33210
33211
33212
33214
33216
33217
33218
33220
33220
33221
33222
33223
33225
33232
33236
33237
33237
33239
33240
33242
33243
33243
33244
33245
33245
33245
33247
33247
33248
33249
33249
33250
33251
33266
33279
34907
34919
34933
34934
34935
34937
34938
34940
34941
34944
34946
34955
34955
35741
35741
35741
35741
35741
35745
35746
35746
35746
35747
35747
35748
35748
35748
35749
35749
35750
35750
35750
35751
35752
35752
35753
35754
35754
35754
35755
35756
35757
35760
35760
35761
35762
35763
35765
35765
35765
35767
35768
35770
35771
35771
35773
35774
35775
35776
35777
35778
35779
35779
35780
35780
35780
35781
35781
35781
35781
35781
35783
35783
35784
35785
35785
35787
35787
35787
35788
35789
35791
35791
35793
35804
35804
35804
35806
35806
35806
35807
35807
35808
35809
35810
35811
35813
35814
35816
35817
35819
35824
35826
35829
35830
35830
35831
35833
35838
35865
40377
40379
40379
40381
40382
40382
40383
40383
40383
40385
40387
40388
40390
40390
40390
40391
40392
40392
40393
40393
40393
40393
40394
40395
40395
40395
40400
40401
40402
40402
40402
40402
40402
40403
40404
40404
40404
40404
40405
40405
40405
40405
40407
40407
40407
40407
40408
40409
44042
44044
44044
44044
44044
44044
44045
44046
44046
44046
44046
44047
44047
44048
44048
44048
45854
45854
45854
45854
45855
45855
45857
45857
45858
45858
45861
45861
45862
45862
45884
45884
45884
45884
53117
53117
53120
53120
53121
53121
53123
53123
53124
53124
53126
53126
53128
53128
53130
53130
53136
53136
53136
53136
53136
53136
53140
53140
53142
53142
53144
53144
53146
53146
53151
53151
53154
53154
53156
53156
53159
53159
64710
64711
64718
64722
64724
64733
64735
64737
64742
64744
64752
64758
64760
64762
64811
64811
64815
64816
64818
76015
76015
76018
76018
76020
76020
76021
76022
76023
76023
76024
76024
76025
76025
76026
76026
76027
76027
76028
76029
76030
76030
76030
76041
76067
76069
76069
76071
76072
76073
76073
76074
76075
76077
76077
89465
89466
89468
89469
89470
89470
89472
89472
89472
89472
89472
89472
89473
89474
89474
89474
89474
89476
89476
93943
93943
93943
93943
93943
93943
93943
93944
93944
93944
93944
93944
93944
93944
93946
93946
93946
93946
93950
93950
93951
93954
93954
93954
93954
93954
93954
93954
93954
93956
93956
93956
93956
93958
93958
93958
93959
93959
93959
93959
93960
93960
93960
93961
93961
93961
93961
93962
93962
93962
93963
93963
93964
93964
93965
93965
93965
93965
93965
93965
93966
93966
93966
93967
93967
93967
93967
93968
93968
93969
93969
93970
93970
93970
93970
93971
93971
93972
93972
93972
93972
93973
93975
93975
93975
93976
93976
99299
99299
99300
99300
99300
99300
99300
99300
99302
99302
99302
99302
99304
99304
99304
99304
99304
99304
99304
99304
99304
99304
99304
99304
99306
99306
99306
99306
99306
99306
99306
99306
99306
99306
99306
99306
99308
99308
99308
99308
99308
99308
99308
99308
99308
99308
99308
99308
99310
99310
99316
99316
102780
102781
102783
102784
102785
102786
102793
109014
109014
109014
109014
109014
109014
109016
109016
109016
109017
109018
109019
109019
109019
109021
109021
109021
109023
109024
109024
109025
109026
109026
109026
109028
109028
109028
109030
109030
109031
109032
109033
109033
109035
109037
109037
109038
109041
109042
109047
109049
109053
109058
113734
113734
113735
113736
113736
113737
113738
113739
113740
113741
113741
113741
113742
113743
113743
113743
113744
113745
113745
113745
113745
113745
113747
113747
113747
113749
113749
113749
113751
113751
113751
113752
113753
113753
113753
113755
113755
113755
113755
113756
113757
113757
113757
113758
113759
113759
113759
113760
113761
113762
113762
113766
117599
117601
117601
117603
117603
117605
117605
117606
117607
117608
117609
117609
117610
117611
117611
117611
117611
117612
117612
117613
117613
117613
117614
117614
117614
117614
117615
117615
117615
117616
117616
117617
117617
117617
117618
117618
118466
118466
118472
118473
118475
118483
118484
138124
138124
138124
138124
138124
138124
138125
138125
138125
138125
138125
138126
138127
138127
138127
138127
138128
138128
138128
138129
138129
138129
138130
138130
138130
138131
138131
138132
138132
138136
138139
138145
138145
138145
138145
138145
138146
138147
138147
138147
138147
138149
138149
138149
138150
138150
138150
138151
138151
138151
138151
138153
138153
138154
138156
138156
138156
138156
138156
138157
138157
138159
138159
138159
138159
138159
138160
138161
138161
138162
138162
138162
138163
138164
138164
138166
138166
138167
138167
138167
138168
138169
138170
138170
138170
138171
138172
138173
138173
138173
138176
138176
138180
138191
138194
138196
138196
152328
152328
152328
152328
152328
152328
152329
152329
152329
152329
152329
152330
152331
152331
152331
152331
152331
152331
152332
152332
152333
152333
152333
152333
152333
152334
152334
152335
152335
152335
152336
152337
152337
152337
152338
152338
152338
197939
197940
197941
197941
197942
197943
197944
197945
197946
197947
197947
197949
197949
197949
197949
197951
197951
197951
197952
197953
223515
223515
223515
223517
223517
223517
223517
223517
223519
223519
223519
223521
223521
223521
223521
223522
223523
223523
223523
223524
223525
223525
223526
223527
223527
223528
223529
223529
223529
223530
223530
223531
223532
223534
225403
225403
225403
225404
225405
225405
225405
225405
225405
225405
225406
225407
225407
225407
225407
225407
225407
225409
225409
225410
225411
228544
