4226
4228
4228
4228
4304
4309
4440
7969
7971
8303
8303
8303
8303
8303
8303
8304
8304
8304
8304
8305
8305
8306
8309
8311
8312
8313
8314
8317
8318
8325
8325
8326
8327
8327
8327
8328
8328
8329
8330
8331
8331
8332
8333
8334
8339
8339
8339
8340
8340
8342
8344
8351
8351
8351
8352
8352
8354
8355
8355
8360
8381
8382
8390
8392
8415
8433
12797
12797
12797
12797
12797
12797
12797
12799
12799
12799
12799
12799
12799
12799
12802
12802
12802
12802
12802
12802
12802
12804
12804
12804
12804
12804
12805
12806
12807
12807
12807
12807
12807
12808
12809
12809
12809
12809
12809
12809
12810
12811
12811
12812
12812
12812
12813
12813
12814
12814
12814
12814
12815
12815
12816
12816
12816
12817
12817
12817
12817
12818
12818
12819
12819
12819
12819
12820
12820
12821
12821
12822
12822
12822
12822
12822
12823
12824
12824
12824
12824
12825
12825
12826
12826
12826
12827
12827
12827
12828
12828
12828
12829
12829
12829
12830
12830
12830
12831
12831
12831
12831
12832
12832
12833
12833
12834
12834
12834
12834
12834
12835
12836
12836
12836
12836
12836
12837
12838
12839
12839
12839
12839
12840
12841
12841
12841
12841
12842
12844
12844
12844
12844
12845
12845
12846
12847
12847
12847
12848
12848
12848
12854
12855
12855
12855
12855
12855
12856
12856
12857
12858
12858
12859
12859
12859
12859
12860
12860
12861
12861
12861
12862
12862
12862
12864
12864
12864
12864
12864
12865
12866
12866
12866
12866
12867
12867
12868
12868
12869
12869
12869
12870
12870
12871
12871
12871
12872
12872
12872
12873
12873
12873
12874
12876
12876
12876
12876
12876
12876
13151
13152
13152
13152
13152
13153
13154
13154
13154
13155
13155
13155
13156
13157
13157
13157
13157
13158
13159
13159
13160
13160
13160
13160
13161
13162
13163
13165
13165
13167
13169
13171
13171
13171
13171
13172
13173
13173
13174
13174
13174
13174
13176
13176
13176
13177
13177
13179
13179
13179
13180
13180
13180
13181
13182
13183
13184
13184
13184
13185
13185
13185
13186
13187
13188
13189
13190
13191
13192
13193
13193
13193
13194
13194
13196
13196
13196
13197
13199
13199
13200
13200
13200
13201
13202
13203
13203
13203
13203
13205
13205
13206
13206
13206
13206
13208
13208
13208
13208
13208
13209
13210
13211
13211
13211
13211
13211
13213
13213
13214
13214
13214
13216
13216
13217
13217
13218
13219
13219
13219
13220
13221
13222
13222
13222
13223
13223
13224
13226
13226
13227
13227
13227
13227
13228
13229
13229
13229
13229
13230
13230
13231
13232
13232
13233
13233
13235
13235
13235
13235
13236
13237
13237
13237
13238
13238
13238
13239
13240
13240
13240
13241
13243
13243
13243
13243
13244
13245
13245
13245
13246
13246
13246
13247
13247
13248
13249
13249
13251
13251
13251
13251
13251
13251
13251
13252
13253
13253
13254
13254
13257
13257
13261
13262
13262
13263
13263
13264
13264
13264
14428
14428
14428
14428
14428
14428
14430
14430
14430
14430
14430
14430
14433
14433
14433
14433
14434
14435
14435
14436
14436
14437
14437
14438
14446
14447
14448
14449
14451
14452
14453
14453
14455
14455
14457
14457
14457
14458
14460
14460
14460
14461
14463
14463
14463
14464
14465
14465
14467
14467
14467
14468
14469
14470
14470
14471
14472
14472
14473
14473
14474
14474
14475
14476
14476
14476
14477
14477
14477
14478
14478
14479
14479
14480
14480
14481
14482
14482
14483
14484
14484
14485
14485
14486
14488
14488
14488
14489
14489
14490
14490
14492
14492
14492
14493
14493
14495
14495
14496
14497
14497
14499
14499
14500
14500
14500
14501
14502
14503
14503
14504
14505
14505
14506
14506
14507
14508
14508
14508
14509
14510
14511
14511
14513
14514
14515
14515
14515
14516
14517
14518
14518
14519
14521
14521
14522
14523
14524
14525
14525
14529
14536
16057
16057
16059
16064
16067
16067
16067
16069
16069
16070
16070
16070
16071
16072
16072
16074
16084
16085
16085
16086
16087
16087
16089
16090
16090
16092
16093
16095
16097
16100
16102
16104
16105
16106
16108
16110
16112
16115
16117
16119
16126
16128
16131
16134
16142
16144
16145
16146
16148
16150
16152
16155
16157
16159
16161
16165
16167
16168
16169
16170
16172
16174
16177
16179
16183
16184
16185
16187
16189
16189
16191
16191
16191
16191
16192
16192
16192
16209
16232
16233
16234
16236
16236
16238
16246
16246
16248
16248
16250
16251
16253
16254
16256
16256
16258
16258
16261
16262
16262
16265
16268
16268
16269
16269
16271
16271
16273
16273
16274
16275
16277
16280
16282
16284
16286
16288
16290
16290
16292
16292
16294
16296
16298
16300
16302
16305
16305
16308
16308
16309
16310
16311
16311
16313
16315
16317
16317
16318
16320
16320
16322
16322
16324
16325
16328
16330
16330
16332
16335
16338
16340
16342
16342
16344
16347
16349
16354
16356
16358
16360
16361
16362
16364
16368
16374
16374
16376
16376
16377
16378
16379
16381
16381
16383
16385
16386
16388
16390
16392
16394
16396
16402
16404
16406
16408
16410
16413
16413
16416
16416
16418
16418
16418
16420
16424
16425
16426
16426
16427
16427
19095
19095
19095
19095
19095
19095
19098
19098
19098
19098
19098
19098
19098
19100
19100
19100
19100
19100
19100
19100
19103
19103
19103
19103
19103
19103
19103
19103
19105
19105
19105
19105
19105
19105
19106
19107
19108
19108
19108
19108
19108
19108
19110
19110
19110
19110
19110
19110
19111
19112
19112
19112
19112
19113
19113
19113
19115
19115
19115
19115
19115
19115
19116
19117
19117
19117
19117
19117
19118
19118
19120
19120
19120
19120
19120
19120
19121
19122
19122
19122
19122
19122
19122
19123
19125
19125
19125
19125
19125
19125
19126
19127
19127
19127
19127
19127
19127
19129
19133
19134
19134
19134
19134
19134
19134
19136
19136
19137
19137
19137
19137
19137
19138
19140
19140
19140
19140
19140
19140
19140
19141
19142
19142
19142
19143
19143
19143
19143
19144
19145
19145
19145
19146
19146
19146
19148
19148
19148
19149
19149
19149
19150
19150
19150
19151
19151
19152
19154
19154
19155
19156
19156
19157
19157
19157
19158
19158
19159
19159
19159
19160
19161
19162
19162
19163
19164
19164
19164
19165
19165
19165
19166
19166
19166
19167
19167
19168
19168
19168
19171
19171
19172
19172
19172
19172
19173
19173
19174
19174
19174
19175
19175
19175
19175
19175
19176
19176
19177
19177
19177
19749
19749
19749
19749
19750
19750
19750
19751
19752
19752
19756
19758
19758
19760
19760
19760
19760
19762
19762
19762
19762
19762
19762
19765
19765
19765
19765
19765
19767
19767
19768
19769
19770
19770
19770
19773
19773
19774
19774
19774
19774
19774
19774
19774
19775
19776
19776
19776
19776
19776
19776
19776
19777
19778
19778
19779
19779
19779
19779
19779
19779
19780
19780
19780
19781
19781
19781
19781
19781
19782
19782
19782
19783
19783
19784
19784
19784
19784
19784
19785
19785
19785
19785
19785
19785
19786
19786
19786
19786
19787
19787
19787
19788
19788
19788
19789
19789
19789
19789
19789
19789
19790
19790
19790
19791
19791
19791
19792
19792
19792
19792
19792
19793
19793
19793
19793
19794
19794
19794
19794
19795
19795
19795
19795
19796
19796
19796
19797
19797
19797
19797
19798
19798
19798
19799
19799
19799
19800
19800
19800
19801
19801
19801
19802
19802
19802
19802
19803
19803
19804
19804
19804
19804
19804
19804
19805
19805
19805
19806
19806
19806
19807
19807
19807
19807
19807
19807
19808
19809
19809
19809
19809
19809
19810
19811
19811
19811
19811
19811
19812
19812
19812
19813
19813
19813
19814
19814
19815
19816
19816
19817
19817
19818
19818
19819
19819
19820
19820
19820
19820
19820
19822
19822
19822
19822
19822
19822
19822
19823
19823
19824
19824
19824
19824
19824
19825
19825
19825
19825
19825
19827
19827
19827
19827
19827
19827
19827
19827
19828
19828
19828
19828
19828
19829
19829
19829
19829
19830
19830
19830
19830
19830
19830
19830
19831
19831
19831
19832
19833
19833
19833
19833
19833
19833
19833
19834
19834
19835
19835
19835
19836
19836
19836
19836
19836
19836
19836
19836
19836
19837
19838
19838
19838
19838
19838
19838
19838
19838
19839
19839
19839
19840
19840
19840
19841
19841
19841
19842
19842
19843
19843
19843
19843
19843
19843
19844
19844
19845
19845
19846
19846
19846
19846
19846
19846
19846
19847
19848
19848
19848
19848
19848
19848
19848
19849
19849
19851
19851
19851
19851
19851
19851
19851
19851
19852
19852
19853
19853
19853
19853
19853
19853
19853
19854
19854
19854
19854
19855
19855
19855
19856
19856
19856
19856
19856
19856
19857
19862
19864
19864
19864
19865
19865
19866
19866
19867
19867
19869
19869
19870
19870
19871
19872
19872
19872
19873
19873
19873
19874
19875
19876
19877
19877
19877
19877
19879
19879
19879
19879
19882
19882
19886
19892
19892
20383
20384
20385
20385
20385
20386
20387
20387
20387
20387
20387
20387
20387
20388
20389
20390
20390
20390
20390
20390
20391
20392
20392
20392
20392
20393
20393
20395
20395
20395
20395
20395
20395
20395
20397
20397
20397
20398
20398
20398
20398
20400
20400
20400
20400
20400
20400
20401
20402
20402
20403
20403
20403
20403
20405
20405
20406
20406
20406
20406
20406
20406
20408
20408
20408
20408
20409
20409
20409
20410
20411
20411
20411
20411
20412
20412
20413
20413
20413
20414
20414
20414
20415
20415
20416
20416
20416
20416
20417
20417
20418
20418
20419
20419
20419
20420
20420
20420
20421
20421
20421
20422
20422
20422
20423
20423
20424
20424
20425
20425
20425
20426
20426
20426
20427
20427
20427
20428
20428
20428
20429
20429
20430
20430
20430
20431
20431
20431
20432
20432
20432
20433
20433
20433
20434
20434
20435
20435
20435
20436
20436
20436
20437
20437
20438
20438
20438
20439
20439
20440
20440
20440
20440
20441
20441
20446
20447
20447
20448
20448
20448
20449
20449
20449
20450
20451
20451
20451
20451
20452
20452
20453
20453
20453
20454
20454
20455
20455
20456
20456
20456
20457
20458
20458
20458
20458
20459
20459
20460
20460
20460
20461
20461
20463
20463
20463
20463
20464
20464
20464
23376
23376
23376
23376
23376
23376
23378
23378
23378
23378
23378
23378
23379
23380
23380
23380
23380
23380
23380
23381
23381
23382
23382
23382
23382
23382
23383
23383
23383
23384
23384
23384
23384
23385
23385
23386
23386
23386
23386
23386
23387
23387
23388
23388
23388
23388
23388
23389
23389
23390
23390
23390
23390
23390
23390
23391
23392
23392
23392
23392
23392
23392
23393
23394
23394
23394
23394
23394
23394
23395
23395
23395
23396
23396
23396
23397
23397
23397
23397
23398
23398
23398
23398
23398
23399
23400
23400
23402
23405
23405
23405
23405
23405
23405
23405
23406
23407
23407
23408
23408
23408
23408
23408
23409
23409
23410
23410
23410
23410
23410
23412
23412
23412
23412
23412
23412
23414
23414
23414
23414
23414
23414
23414
23415
23415
23415
23416
23416
23416
23418
23418
23418
23418
23418
23418
23418
23420
23420
23420
23420
23420
23420
23421
24370
24370
24370
24370
24370
24370
24372
24373
24373
24373
24375
24375
24375
24376
24378
24378
24378
24378
24379
24380
24381
24381
24382
24383
24383
24383
24383
24385
24386
24386
24386
24388
24388
24388
24389
24391
24391
24391
24391
24392
24393
24394
24394
24395
24396
24396
24406
24406
24407
24408
24408
24408
24409
24409
24409
24409
24409
24409
24409
24410
24411
24416
24416
24416
24416
24416
24416
24419
24419
24419
24419
24420
24420
24421
24428
24429
24429
24430
24431
24431
24432
24433
24433
24434
24434
24434
24435
24436
24436
24437
24437
24438
24439
24440
24441
24441
24442
24443
24444
24447
24447
24449
24449
24451
24452
24454
24455
24457
24458
24459
26298
26308
26340
26345
26773
28189
28191
28203
28203
28203
28203
28205
28207
28209
28210
28211
28211
28212
28212
28215
28238
28239
28243
28244
28244
28244
28245
28246
28246
28248
28248
28251
28251
28251
28254
28254
28254
28254
28256
28257
28257
28259
28260
28260
28261
28262
28264
28265
28267
28267
28267
28270
28271
28272
28273
28274
28274
28275
28275
28276
28277
28278
28278
28278
28280
28280
28280
28281
28282
28283
28283
28285
28285
28287
28287
28288
28290
28291
28291
28293
28295
28295
28296
28297
28297
28298
28299
28300
28300
28301
28301
28302
28304
28304
28306
28307
28309
28311
28312
28312
28313
28315
28315
28316
28316
28319
28321
28324
28326
28327
28328
28329
28330
28331
28331
28331
28331
28331
28332
28333
28334
28335
28335
28336
28336
28338
28338
28339
28339
28340
28341
28341
28341
28342
28343
28343
28344
28344
28345
28345
28348
28348
28350
28351
28352
28359
28359
28359
28359
28360
28361
28361
28361
28361
28361
28362
28363
28364
28364
28364
28364
28366
28366
28366
28366
28367
28368
28368
28369
28369
28376
28376
28376
28389
28403
28404
28405
28414
28415
28415
28417
28417
28417
28420
28424
28424
28424
28426
28427
28428
28430
28439
28441
28441
28446
30462
30462
30462
30462
30462
30463
30463
30464
30464
30464
30464
30464
30465
30466
30467
30467
30467
30467
30467
30468
30468
30469
30469
30469
30469
30469
30470
30471
30472
30472
30472
30472
30472
30473
30473
30474
30474
30474
30474
30474
30475
30476
30477
30477
30477
30477
30477
30477
30479
30479
30479
30479
30479
30479
30480
30481
30481
30481
30481
30482
30482
30482
30484
30484
30484
30484
30484
30484
30485
30486
30487
30487
30487
30489
30494
30494
30494
30494
30495
30496
30496
30499
30500
30502
30502
30503
30503
30503
30503
30503
30503
30503
30503
30503
30503
30503
30503
30503
30503
30504
30504
30504
30504
30505
30505
30506
30508
30508
30508
30508
30508
30509
30509
30510
30511
30511
30513
30513
30513
30514
30514
30514
30516
30516
30517
30517
30517
30517
30517
30517
30521
30521
30521
30521
30521
30522
30523
30523
30523
30523
30523
30525
30525
30525
30525
30525
30525
30525
30525
30525
30525
30526
30526
30526
30527
30528
30528
30528
30528
30528
30530
30530
30530
30530
30531
30531
30532
30532
30533
30533
30534
30534
30535
30536
30537
30537
30538
30538
30538
30539
30539
30540
30541
30541
30541
30542
30542
30542
30544
30544
30544
30544
30544
30545
30546
30546
30546
30547
30547
30547
31053
31053
31053
31053
31054
31055
31056
31056
31057
31057
31057
31058
31059
31059
31060
31060
34746
34746
34746
34746
34747
34748
34749
34749
34749
34749
34750
34754
34758
34758
34761
34762
34762
34763
34764
34764
34765
34767
34767
34767
34769
34770
34771
34771
34773
34773
34783
34784
34786
34786
34796
34797
34800
34800
34806
34806
34806
34807
34808
34809
34809
34810
34810
34812
34812
34815
34815
34815
34815
34817
34819
34823
34823
34823
34823
34823
34823
34823
34823
34823
34823
34823
34826
34826
34826
34826
34829
34830
34830
34830
34830
34830
34830
34830
34830
34830
34830
34830
34830
34830
34830
34830
34830
34830
34830
34830
34830
34830
34830
34830
34830
34830
34830
34830
34830
34830
34830
34830
34837
34838
34838
34841
34841
34843
34844
34847
34850
34856
37790
37790
37790
37790
37791
37791
37791
37818
37820
37822
37822
37823
37824
37824
37825
37826
37827
37827
37827
37829
37830
37830
37830
37830
37833
37833
37833
37833
37834
37835
37837
37839
37840
37841
37843
37843
37845
37846
37848
37850
37850
37852
37853
37855
37856
37857
37857
37857
37857
37858
37860
37860
37860
37861
37862
37863
37863
37864
37865
37866
37867
37868
37869
37869
37870
37871
37872
37872
37873
37881
37884
37885
37887
37888
37890
37890
37892
37893
37894
37895
37896
37898
37899
37900
37903
37903
37905
37906
37906
37907
37908
37909
37910
37910
37910
37910
37910
37912
37912
37912
37913
37913
37913
37913
37913
37913
37913
37914
37916
37917
37918
37919
37923
37927
37932
37932
37937
37937
37938
37941
37943
37955
47239
47239
47239
47239
47239
47239
47240
47241
47242
47242
47242
47242
47242
47243
47244
47244
47244
47245
47246
47246
47246
47247
47247
47247
47248
47249
47249
47249
47249
47249
47250
47250
47251
47251
47251
47252
47252
47252
47253
47254
47254
47254
47254
47255
47255
47255
47256
47256
47257
47257
47257
47257
47258
47258
47259
47259
47260
47260
47260
47260
47260
47261
47262
47262
47262
47262
47263
47263
47264
47264
47265
47265
47265
47265
47266
47267
47267
47267
47267
47268
47269
47269
47269
47269
47269
47270
47271
47272
51755
51757
51763
51785
51808
51814
51815
51815
51885
51892
51893
51893
51893
51896
51900
51901
51903
51904
51905
51906
57991
57993
57994
57995
57998
58001
58003
58004
58005
58007
58007
58010
58010
58012
58017
58023
58075
58082
58083
58086
58103
58116
58120
58120
58120
58120
58120
58120
58120
58120
58120
58120
58120
58138
58139
58142
58142
58143
58150
58155
58161
58161
58162
58163
58163
58164
58164
58165
58165
58165
58166
58173
64389
64389
64389
64389
64389
64389
64389
64391
64392
64392
64392
64393
64393
64393
64394
64394
64394
64394
64396
64396
64396
64397
64397
64397
64397
64398
64398
64398
64399
64399
64401
64401
64401
64401
64402
64402
64403
64403
64404
64404
64404
64404
64404
64404
64404
64405
64406
64407
64407
64407
64407
64409
64409
64409
64409
64409
64410
64410
65163
65165
65167
65168
65169
65172
65173
65174
65176
65178
65181
65183
65185
65187
65189
65192
65193
65194
65196
65198
65200
65203
65205
65207
65209
65211
65211
65213
65216
65218
65220
65222
65222
65224
65226
65229
65230
65231
65233
65235
65237
65237
65240
65242
65244
65246
65247
65249
65251
65253
65277
65278
65279
65280
65282
65282
65283
65284
65285
65285
65286
65288
65289
65289
65290
65291
65292
65292
65294
65294
65295
65296
65297
65300
65300
65300
65300
65302
72726
72726
72726
72726
72726
72726
72726
72728
72728
72728
72728
72728
72729
72729
72730
72731
72731
72731
72731
72731
72732
72733
72733
72733
72734
72734
72734
72735
72736
72736
72736
72736
72736
72737
72738
72738
72739
72739
72740
72740
72741
72741
72741
72741
72741
72742
72743
72743
72743
72743
72744
72744
72745
72746
72746
72747
72747
72747
72748
72748
72749
72749
72749
72750
72750
72750
72752
72752
72752
72752
72752
72752
72752
72752
72752
72752
72753
72753
72753
72754
72754
72759
72759
72759
72759
72759
72759
72759
72759
72759
72759
72759
72759
72760
72761
72761
72761
72761
72762
72762
72762
72763
72763
72763
72766
72766
72766
72766
72766
72766
72767
72767
72767
72767
72768
72769
72769
72770
72770
72782
72782
72782
72783
72784
72784
72785
72785
72785
72786
72805
72805
72805
72805
72805
72805
72805
72805
72805
72805
72805
72805
72805
72805
72805
72805
72805
72805
72805
72805
72805
72805
72805
72805
72805
72805
72805
72805
72805
72805
72805
72805
72806
72806
72806
72806
72806
72806
72806
72806
72806
72806
72806
72806
72806
72806
72806
72806
72806
72806
72806
72807
72807
72808
72808
72809
72810
72810
72810
72810
72811
72811
72811
72811
72811
72812
72813
72813
72814
72814
72815
114076
114076
114076
114076
114076
114076
114076
114077
114078
114078
114078
114078
114078
114079
114080
114081
114081
114081
114081
114081
114082
114082
114083
114083
114083
114083
114083
114085
114085
114085
114085
114086
114086
114086
114087
114087
114088
114088
114088
114088
114088
114090
114090
114092
114096
114097
114098
114098
114098
114098
114098
114098
114100
114100
114100
114100
114100
114100
114101
114102
114103
114103
114103
114103
114103
114104
114104
114105
114105
114105
114105
114106
114107
114107
114108
114108
114108
114108
114108
114109
114110
114111
114111
114111
114111
114111
114112
114112
114112
114113
114113
114113
114113
114114
114115
114116
114116
114116
114116
114116
114117
114118
114118
114118
114119
114119
114119
114119
114120
114121
114121
114121
114122
114122
114122
114123
114123
114123
114124
114124
114124
114125
114125
114126
114126
114127
114127
114127
114127
114127
114129
114129
114130
114130
114130
114130
114131
114132
114132
114132
114133
114133
114133
114135
114135
114135
114135
114135
114136
114136
114138
114138
114138
114138
114138
114138
114139
114139
114141
114141
114141
114141
114141
114141
114142
114144
114144
114144
114144
114144
114144
114145
114145
114146
114146
114147
114147
114147
114148
114148
114149
114149
114149
114149
114150
114150
114151
114151
114151
114152
114152
114153
114153
114154
114154
114154
114155
114156
114156
114158
118743
118743
118743
118743
118743
118743
118743
118745
118745
118745
118745
118745
118745
118745
118748
118748
118748
118748
118748
118748
118748
118750
118750
118750
118750
118750
118750
118750
118753
118753
118753
118753
118753
118753
118755
118755
118755
118755
118755
118755
118755
118757
118758
118758
118758
118759
118759
118759
118760
118760
118760
118760
118762
118762
118762
118762
118762
118763
118763
118764
118765
118765
118765
118765
118767
118768
118768
118768
118768
118768
118768
118768
118768
118769
118769
118770
118770
118771
118775
118775
118775
118775
118775
118775
118775
118775
118775
118775
118775
118775
118776
118777
118777
118778
118778
118778
118778
118778
118779
118780
118780
118780
118780
118781
118781
118782
118782
118783
118783
118783
118784
118784
118784
118785
118789
118791
118791
118791
118791
118796
118797
118797
118803
118803
118803
118803
118803
118803
118803
118803
118803
118803
118803
118803
118803
118803
118803
118803
118803
118803
118803
118803
118803
118803
118803
118804
118804
118805
118805
118805
118805
118806
118806
118806
118807
118807
118807
118808
118809
118811
118811
118812
118813
118814
118814
118815
118815
118816
118816
118817
118818
118819
118820
118821
118821
118822
118823
118823
118823
118823
118824
118824
118825
118825
118825
118825
118825
118825
118825
118825
118826
118826
118826
118827
118827
118827
118828
118828
118828
118829
121427
121444
121478
121480
121480
121480
121482
121482
121483
121483
121483
121484
121484
121485
121485
121485
121486
121488
121488
121488
121488
121489
121491
121491
121491
121491
121492
121493
121493
121493
121493
121494
121494
121496
121496
121496
121496
121498
121499
121499
121499
121500
121501
121501
121502
121503
121504
121504
121504
121506
121506
121507
121507
121508
121509
121509
121509
121511
121512
121512
121512
121513
121513
121514
121514
121514
121515
121516
121516
121517
121517
121517
121518
121518
121520
121521
121521
121522
121524
121526
121526
121526
121527
121528
121528
121529
121530
121531
121531
121532
121532
121533
121533
121534
121535
121536
121536
121536
121537
121538
121539
121539
121540
121541
121541
121541
121543
121544
121544
121546
121546
121546
121548
121549
121550
121550
121552
121552
121552
121554
121554
121555
121557
121557
121557
121557
121559
121559
121559
121560
121562
121562
121562
121562
121564
121565
121565
121567
121568
121569
121570
121570
121570
121571
121573
121573
121573
121574
121575
121575
121576
121577
121577
121578
121578
121590
121591
121592
121592
121595
121596
121597
121598
121599
121615
121618
121618
121619
121621
121622
121624
121624
121625
121625
121626
121626
121626
121628
121629
121630
121630
121630
121631
121631
121632
121633
132681
132681
132681
132681
132681
132681
132682
132684
132684
132684
132684
132684
132684
132685
132687
132687
132687
132687
132687
132687
132689
132690
132690
132690
132690
132690
132690
132693
132693
132693
132693
132693
132693
132693
132695
132695
132696
132696
132696
132696
132697
132698
132699
132699
132699
132699
132699
132700
132701
132702
132702
132702
132703
132703
132703
132705
132705
132705
132705
132706
132706
132706
132708
132708
132708
132709
132709
132709
132710
132711
132711
132711
132711
132712
132712
132713
132714
132714
132715
132715
132715
132715
132716
132717
132717
132720
132722
132724
132725
132725
190609
190611
190613
190613
190614
190615
190616
190617
190618
190619
190622
190623
190624
190627
190629
190630
190632
190635
190638
190640
190642
190643
190643
190643
190645
190654
190655
190656
190657
190660
190660
190662
190665
190667
190670
190672
190675
190675
190679
190679
190680
190680
190682
190683
190683
190684
190685
190686
190686
190688
190690
190693
190694
190699
190701
190705
190707
190709
190712
190715
190715
190717
190718
190719
190720
190723
190731
190733
190734
190734
190737
190739
190742
190744
190751
190753
190756
190758
190763
190765
190767
190768
190769
190770
190772
190774
190777
190777
190779
190782
190784
190791
190795
190795
190798
190800
190803
190805
190807
190808
190808
190808
190808
190808
190808
190810
190810
190810
190811
190813
190813
190814
190815
190817
190818
190818
190819
190821
190823
190825
190826
190828
190829
190831
190831
190833
190834
190836
190839
190850
190859
190859
190870
190872
190875
190878
190880
190882
190883
190884
190886
190887
190888
190889
190890
190891
190891
190892
194178
194178
194178
194178
194178
194178
194178
194180
194180
194180
194180
194180
194180
194180
194183
194183
194183
194183
194183
194183
194183
194184
194185
194185
194185
194185
194186
194187
194187
194188
194188
194188
194188
194188
194189
194190
194190
194190
194190
194190
194191
194191
194192
194192
194192
194193
194193
194193
194194
194194
194195
194195
194195
194195
194196
194196
194197
194197
194198
194198
194198
194198
194199
194199
194200
194200
194200
194200
194201
194201
194202
194202
194203
194203
194203
194204
194204
194204
194205
194205
194205
194208
194215
194219
194219
194219
194219
194219
194219
194220
194220
194221
194221
194222
194222
194222
194222
194223
194224
194224
194224
194224
194225
194225
194226
194227
194227
194227
194227
194228
194229
194229
194230
194230
194230
194231
194232
194232
194232
194232
194233
194233
194235
194235
194236
194236
194237
194238
194238
194238
194238
194239
194240
194240
194253
194253
194253
194253
194253
194253
194253
194253
194253
194253
194253
194253
194253
194253
194253
194253
194253
194253
194253
194253
194253
194253
194253
194253
194253
194253
194253
194256
194256
194256
194257
194257
194258
194258
194258
194258
194258
194258
194259
194260
194260
194262
194263
194264
194265
194265
198841
198841
198841
198841
198841
198842
198842
198842
198843
198844
