3365
3365
3365
3365
3366
3368
3371
3377
3378
3380
3381
3384
13400
13400
13400
13400
13400
13404
13404
13404
13404
13407
13408
13408
13408
13408
13408
13411
13412
13413
13413
13413
13415
13415
13416
13417
13417
13417
13418
13419
13420
13421
13421
13422
13422
13423
13424
13425
13425
13426
13426
13428
13428
13429
13429
13430
13431
13432
13433
13433
13433
13434
13435
13437
13437
13438
13438
13439
13439
13440
13442
13442
13443
13443
13443
13445
13446
13447
13447
13447
13448
13455
13456
13457
13457
13457
13457
13458
13458
13459
13461
13461
13461
13463
13463
13465
13466
13466
13467
13467
13469
13469
13470
13470
13471
13472
13473
13473
13474
13474
13476
13476
13477
13478
13480
13480
13480
13481
13483
13484
13484
13484
13485
13486
13488
13489
13490
13490
13491
13493
13494
13494
13495
13496
13497
13497
13498
13499
13500
13501
13501
13502
13503
13503
13505
13507
13507
13508
13508
13509
13511
13511
13512
13512
13513
13513
13515
13515
13516
13516
13517
13517
13518
13520
13521
13521
13524
13524
13526
13527
13527
13527
13528
13530
13530
13531
13532
13534
13534
13535
13535
13536
13536
13539
13539
13539
13539
13540
13541
13543
13543
13543
13544
13544
13545
13547
13547
13547
13547
13548
11799
11800
11801
11801
11801
11801
11801
11801
11804
11804
11806
11806
11806
11806
11806
11807
11809
11810
11811
11811
11811
11811
11811
11814
11814
11815
11816
11816
11817
11817
11819
11820
11820
11820
11821
11821
11822
11822
11825
11825
11825
11825
11827
11827
11827
11830
11830
11830
11830
11830
11830
11830
11831
11833
11836
11836
11836
11836
11836
11837
11838
11840
11840
11840
11840
11840
11841
11841
11842
11844
11844
11844
11844
11845
11845
11845
11847
11854
11855
11855
11856
11856
11856
11857
11858
11859
11860
11860
11860
11860
11861
11861
11863
11863
11864
11865
11865
11865
11865
11866
11867
11868
11868
11869
11869
11870
11870
11870
11872
11873
11873
11873
11874
11874
11874
11876
11876
11877
11878
11878
11879
11879
11880
11881
11882
11882
11883
11883
11883
11884
11884
11885
11888
11888
11888
11888
11890
11890
11890
11890
11893
11896
11896
11896
11896
11896
11896
11897
11917
11917
11917
11917
11917
11917
11917
11917
11917
11917
11917
11917
11917
11917
11917
11918
11918
11918
11918
11918
11918
11918
11918
11918
11918
11918
11918
11918
11918
11924
11924
11924
11924
11924
11924
11924
11925
11925
11925
11925
11925
11928
11928
11928
11929
11929
11930
11931
11932
11932
11932
11932
17183
17183
17183
17184
17184
17184
17188
17188
17188
17188
17188
17189
17192
17192
17192
17192
17193
17193
17193
17193
17199
17199
17201
17202
17202
17206
17206
17207
17211
17211
17212
17212
17212
17213
17213
17213
17214
17214
17214
17216
17216
17217
17217
17218
17218
17219
17221
17222
17223
17223
17224
17224
17227
17227
17228
17228
17229
17229
17229
17230
17232
17232
17233
17234
17234
17234
17235
17236
17237
17238
17239
17239
17239
17240
17241
17241
17243
17243
17243
17244
17244
17246
17246
17247
17248
17248
17248
17249
17250
17250
17252
17252
17252
17253
17254
17257
17259
17259
17261
17262
17262
17262
17262
17263
17265
17266
17267
17267
17268
17268
17268
17270
17270
17272
17272
17272
17272
17274
17274
17275
17276
17277
17277
17277
17279
17279
17279
17281
17281
17281
17281
17283
17283
17284
17285
17285
17286
17286
17288
17288
17288
17289
17290
17290
17290
17292
17292
17293
17294
17294
17295
17295
17297
17297
17297
17298
17299
17299
17299
17301
17302
17302
17303
17303
17304
17304
17305
17305
17307
17307
17308
17308
17309
17313
17316
17316
17317
17317
17318
17319
17321
17321
17321
17322
17322
17324
17324
17324
17326
17327
17327
17328
17331
17332
17332
17333
17333
17333
17334
17334
13964
13964
13964
13965
13965
13969
13969
13969
13970
13970
13970
13973
13974
13974
13974
13975
13975
13978
13979
13979
13980
13980
13982
13984
13985
13985
13986
13989
13989
13989
13990
13991
13991
13994
13994
13994
13995
13996
13996
13999
13999
13999
13999
14001
14001
14005
14005
14005
14007
14007
14012
14016
14016
14018
14019
14019
14026
14026
14026
14026
14031
14031
14032
14032
14032
14032
14032
14032
14032
14032
14032
14035
14036
14039
14041
14041
14043
14046
14058
14060
14064
14065
14067
14067
14067
14067
14067
14069
14069
14069
14069
14069
14069
14069
14069
14069
14069
14069
14071
14071
14071
14071
14071
14071
14071
14071
14071
14071
14073
14073
14073
14073
14073
14073
14073
14074
14074
14076
14076
14079
14079
14079
14079
14080
14080
14090
14090
14091
14094
14094
14094
14095
14095
14096
14096
14097
14108
23186
23186
23186
23186
23186
23186
23190
23191
23191
23191
23191
23191
23192
23194
23195
23196
23196
23196
23196
23196
23205
23208
23208
23208
23208
23210
23210
23210
23211
23212
23213
23213
23213
23215
23215
23216
23218
23219
23221
23221
23222
23225
23226
23226
23226
23229
23230
23231
23231
23231
23232
23235
23235
23235
23236
23237
23237
23237
23239
23239
23242
23242
23245
12398
12398
12398
12398
12398
12398
12398
12398
12403
12403
12403
12403
12407
12407
12407
12407
12407
12408
12408
12411
12411
12412
12412
12412
12412
12412
12416
12416
12416
12419
12419
12419
12420
12420
12421
12421
12424
12424
12425
12425
12425
12426
12427
12429
12430
12430
12431
12432
12433
12434
12435
12436
12436
12448
12448
12448
12448
12448
12448
12448
12448
12454
12457
12457
12457
12457
12457
12457
12457
12457
12459
12462
12472
12472
12472
12472
12472
12472
12475
12480
12480
12480
12480
12481
12482
12483
12485
12485
12486
12488
12488
12489
12490
12490
12491
12492
12493
12494
12495
12495
12495
12496
12497
12498
12499
12499
12499
12500
12500
12501
12503
12504
12504
12505
12505
12506
12506
12506
12508
12509
12509
12509
12510
12511
12511
12512
12513
12513
12514
12514
12515
12516
12517
12518
12519
12519
12519
12520
12520
12521
12523
12523
12523
12524
12524
12524
12524
12526
12526
12528
12528
12528
12528
12528
12529
12529
12529
12530
12532
12532
12532
12533
12533
12534
12536
12536
12537
12537
12538
12540
12541
12541
12545
12546
12547
12557
12557
12558
12561
12563
21258
21258
21258
21259
21259
21260
21260
21260
21263
21263
21264
21264
21266
21266
21268
21268
21269
21270
21271
21271
10683
10683
10683
10683
10683
10683
10683
10683
10692
10693
10693
10693
10693
10694
10694
10694
10695
10699
10699
10699
10699
10699
10699
10699
10701
10704
10704
10704
10704
10704
10704
10705
10706
10710
10710
10710
10710
10710
10710
10710
10711
10715
10716
10716
10716
10716
10716
10716
10717
10720
10721
10721
10721
10721
10721
10721
10722
10726
10727
10727
10727
10727
10727
10727
10728
10732
10733
10733
10733
10733
10733
10737
10737
10737
10737
10737
10737
10737
10738
10749
10749
10749
10749
10749
10749
10749
10749
10751
10751
10754
10754
10754
10754
10754
10754
10756
10756
10757
10759
10759
10759
10759
10759
10761
10761
10762
10762
10763
10764
10764
10764
10765
10766
10767
10767
10768
10769
10769
10769
10769
10771
10771
10772
10772
10773
10773
10773
10774
10775
10776
10776
10777
10777
10778
10778
10778
10780
10780
10780
10781
10781
10782
10782
10782
10783
10783
10784
10785
10785
10786
10786
10787
10787
10787
10787
10789
10790
10790
10791
10791
10791
10792
10797
10798
10799
10799
10800
10800
10800
10802
10803
10803
10804
10805
10805
10805
10806
10806
10806
10807
10807
10807
10807
10808
10808
10810
10810
10811
10812
10813
10813
10813
10815
10816
10817
10818
10818
10818
10819
10819
18258
18258
18258
18258
18258
18258
18258
18263
18263
18263
18263
18263
18263
18267
18267
18267
18267
18267
18268
18268
18271
18271
18271
18272
18272
18272
18272
18276
18276
18276
18276
18276
18277
18277
18280
18280
18280
18280
18280
18289
18289
18289
18289
18289
18290
18294
18294
18294
18294
18295
18296
18298
18298
18298
18299
18299
18300
18301
18302
18302
18304
18304
18304
18305
18306
18308
18308
18308
18309
18309
18309
18311
18311
18312
18312
18313
18313
18314
18315
18316
18317
18317
18317
18318
18320
18320
18321
18322
18322
18322
18322
18324
18326
18326
18326
18326
18327
18327
18328
18330
18331
18331
18332
18333
18334
18334
18335
18335
18336
18344
18344
18349
18349
18349
18349
18352
18352
18353
18353
18353
18354
18357
18357
18358
18358
18358
18358
18358
18362
18362
18363
18363
18363
18363
18366
18367
18367
18369
18369
18369
18370
18370
18373
18376
18376
18376
18376
18376
18376
18378
18378
18378
18378
18378
18379
18387
18387
18387
18387
18390
18390
18390
18390
18390
18390
18390
18390
18390
18390
18390
18394
18394
18394
18394
18394
18394
18394
18397
18397
18397
18397
18397
18397
18399
18400
18400
18400
18402
18402
18402
18403
18404
18404
18405
18406
18407
18408
18408
18408
18408
18397
18397
18397
18399
18401
18406
18406
18406
18406
18406
18407
18410
18411
18411
18411
18411
18411
18412
18413
18416
18417
18417
18417
18417
18417
18422
18422
18422
18422
18422
18422
18423
18423
18427
18427
18427
18428
18428
18428
18431
18432
18432
18433
18433
18433
18434
18436
18438
18438
18438
18438
18439
18442
18442
18443
18443
18444
18444
18446
18447
18447
18448
18448
18449
18449
18449
18452
18453
18453
18454
18454
18454
18455
18457
18458
18461
18464
18466
18467
18467
18467
18467
18467
18469
18471
18472
18472
18472
18472
18472
18474
18475
18476
18477
18477
18477
18477
18479
18479
18480
18481
18482
18482
18482
18484
18485
18485
18486
18486
18486
18487
18487
18488
18489
18489
18490
18490
18490
18491
18492
18493
18494
18494
18495
18495
18496
18496
18498
18498
18498
18499
18499
18499
18500
18502
18502
18503
18503
18504
18505
18505
18506
18507
18507
18507
18508
18508
18509
18511
18511
18511
18512
18512
18512
18514
18515
18520
18520
18520
18522
18523
18523
18523
18524
18525
18526
18526
18528
18528
18528
18528
18529
18529
18532
18532
18533
18533
18533
18533
18534
18536
18541
18541
18541
18541
18541
18541
18541
18541
18541
18541
18541
18545
18545
18546
18546
18546
18547
18548
18549
15150
15150
15150
15150
15150
15150
15150
15150
15154
15154
15154
15154
15154
15154
15154
15154
15158
15158
15158
15159
15159
15159
15159
15159
15163
15163
15163
15163
15163
15163
15163
15163
15167
15167
15167
15167
15167
15167
15167
15167
15171
15172
15172
15172
15172
15172
15172
15179
15181
15182
15182
15182
15182
15182
15183
15184
15185
15186
15186
15186
15186
15186
15187
15187
15189
15189
15191
15191
15191
15191
15191
15191
15192
15192
15194
15196
15196
15196
15196
15196
15197
15199
15200
15201
15201
15201
15201
15201
15202
15203
15204
15205
15205
15205
15205
15205
15206
15207
15208
15209
15209
15209
15209
15209
15210
15211
15212
15213
15213
15213
15214
15214
15215
15216
15217
15217
15217
15218
15218
15218
15219
15219
15221
15221
15221
15222
15222
15222
15223
15223
15223
15225
15225
15225
15227
15228
15230
15233
15233
15233
15233
15233
15234
15234
15234
15234
15235
15236
15238
15238
15238
15238
15238
15239
15239
15240
15240
15242
15242
15242
15243
15244
15245
15246
15246
15247
15247
15248
15249
15250
15250
15251
15251
15251
15252
15253
15254
15254
15255
15255
15255
15256
15257
15259
15259
15259
15259
15260
15260
15260
15262
15263
15263
15263
15264
15264
15264
15266
15266
15267
10733
10733
10733
10733
10733
10734
10734
10738
10738
10738
10738
10739
10740
10742
10742
10743
10743
10744
10747
10747
10749
10749
10752
10752
10760
10761
10761
10761
10763
10765
10766
10766
10766
10768
10771
10771
10773
10774
10774
10776
10778
10779
10780
10781
10784
10784
10785
10786
10789
10789
10790
10791
10794
10795
10795
10796
10797
10799
10800
10800
10801
10802
10804
10804
10805
10805
10806
10807
10809
10810
10811
10811
10812
10814
10814
10814
10815
10815
10817
10818
10818
10818
10820
10821
10823
10823
10823
10824
10824
10826
10827
10827
10830
10832
10833
10836
10836
10836
10836
10837
10837
10841
10841
10841
10841
10842
10845
10845
10845
10847
10849
10860
10869
10869
10869
10869
10872
10872
10872
10872
10872
10872
10872
10872
10872
10872
10872
10874
10874
10874
10875
10876
10876
10885
10887
10887
10887
10887
10887
10887
10888
10888
10891
10891
10892
10892
10897
10899
10900
10905
10911
10915
18527
18527
18527
18527
18527
18527
18527
18527
18530
18530
18530
18530
18530
18530
18530
18530
18533
18533
18533
18533
18533
18533
18533
18535
18535
18535
18535
18535
18536
18538
18538
18538
18538
18538
18538
18539
18539
18540
18540
18540
18541
18541
18541
18541
18542
18543
18543
18543
11767
11767
11768
11768
11769
11772
11774
11774
11775
11777
11787
11789
11789
11790
11791
11794
11794
11794
11799
11801
11801
11802
11803
11808
11808
11808
11811
11813
11813
11818
11821
11826
21617
21618
21618
21620
21620
21620
21623
21624
21626
21626
21630
21630
21631
21632
21633
21635
21636
21637
21638
21641
21642
21643
21644
21645
21648
21648
21649
21650
21653
21657
21658
21659
21668
21670
21670
21671
21672
21673
21675
21680
21680
21681
21681
21683
21692
21693
21693
21694
32010
32010
32010
32010
32010
32010
32014
32014
32014
32014
32014
32017
32019
32019
32019
32019
32020
32021
32023
32024
32024
32024
32025
32025
32028
32029
32029
32029
32033
32033
32034
32034
32034
32034
32037
32037
32037
32038
32038
32040
32042
32043
32043
32053
32053
32053
32053
32053
32053
32053
32053
32053
32053
32056
32058
32061
32061
32061
32061
32061
32061
32062
32062
32066
32068
32069
32069
32071
32077
32091
32091
32091
32091
32091
32091
32094
32094
32100
32100
32100
32100
32100
32100
32100
32100
32100
32100
32100
32100
32100
32100
32100
32101
32103
32103
32103
32103
32107
32107
32112
32113
32113
32113
32114
32114
32114
32116
32117
32117
32134
44823
44823
44823
44823
44823
44824
44824
44826
44826
44826
13552
13552
13552
13552
13552
13552
13552
13556
13557
13557
13557
13557
13557
13557
13557
13561
13561
13561
13561
13561
13561
13561
13565
13566
13566
13566
13566
13566
13566
13570
13571
13571
13571
13571
13575
13575
13575
13575
13579
13579
13579
13580
13580
13582
13583
13586
13586
13586
13590
13592
13593
13595
13595
13595
13596
13598
13598
13599
13599
13600
13600
13600
13604
13604
13604
13604
13607
13611
13611
13611
13612
13612
13614
13614
13615
13615
13616
13617
13617
13617
13618
13618
13621
13622
13622
13622
13624
13626
13626
13627
13627
13627
13628
13631
13631
13631
13631
13632
13632
13633
13633
13635
13635
13636
13636
13637
13637
13638
13640
13640
13641
13641
13641
13642
13643
13645
13645
13646
13646
13646
13647
13647
13649
13649
13651
13653
13656
13660
13660
13661
13662
13663
13665
13666
13703
13703
13703
13703
13703
13703
13703
13703
13703
13703
13703
13703
13703
13703
13703
13703
13703
13703
13703
13703
13703
13703
13703
13703
13703
13703
13703
13703
13703
13703
13703
13703
13703
13703
13703
13703
13703
13703
13704
13705
13709
13709
13712
13723
38815
38815
38815
38815
38815
38816
38816
38816
38819
38820
38820
38820
38820
38820
38820
38821
38824
38825
38825
38825
38825
38825
26079
26079
26080
26080
26084
26087
26089
26090
26092
26095
26095
26097
26097
26102
26104
26104
26105
26106
26116
26118
26131
26135
26138
26139
26174
26177
26178
26185
39378
39378
39383
39387
39392
39395
39398
39398
39399
39403
39404
39404
39405
39415
39417
39418
39420
39422
39424
39424
39439
39453
39457
39457
71554
71554
71554
71554
71554
71554
71558
71558
71558
71560
71561
71562
71563
71563
71567
71568
71569
71570
71571
71572
71573
71574
71574
71575
71578
71579
71579
71579
71583
71583
71588
71592
71592
71594
71594
71596
71596
71600
71605
71605
71610
71610
71612
71612
71642
71645
71650
71658
71668
71671
71674
71674
71680
71686
71686
71686
71691
71691
71691
71695
71696
71696
71696
71701
71701
71701
71702
71706
71708
71709
71711
71712
71714
71714
71714
71714
71714
71714
71719
71719
71719
71722
71722
71722
71723
71728
71729
71729
71732
71733
71740
71742
71746
71746
71752
71770
71770
71772
71775
71775
71779
134774
134777
134779
134781
134789
134790
134794
134794
134794
134794
134795
134796
134798
134799
134799
134799
134803
134803
134808
134809
134809
134811
134812
134817
134821
134825
134829
134831
134831
134843
134845
134845
134850
134850
134853
134857
134859
134867
134869
134872
134873
134874
134874
134874
134874
134877
134882
166432
166432
166432
166432
166432
166433
166433
166437
166437
166437
166437
166437
166437
166437
166442
166442
166442
166442
166442
166442
166442
166446
166446
166446
166446
166446
166447
166448
166448
166451
166451
166451
166451
166451
166453
166453
166455
166455
166455
166455
166456
166457
166461
166461
166466
166467
166468
166468
166468
166468
166468
166472
166472
166473
166473
166473
166473
166473
166473
166477
166478
166478
166478
166478
166478
166482
166482
166483
166484
166484
166485
166485
166486
166487
166487
166488
166489
166490
166491
166491
166492
166493
166493
166493
166494
166494
166495
166496
166497
166498
166498
166498
166498
166500
166500
166502
166502
166502
166502
166502
166504
166505
166506
166506
166507
166507
166508
166509
166510
166511
166511
166511
166511
166512
166513
166514
166515
166515
166515
166516
166517
166518
166522
166526
166526
166526
166526
166526
166527
166528
166530
166530
166531
166531
166531
166532
166533
166535
166535
166535
166536
166536
166537
166538
166541
166541
166541
166541
166541
166542
166543
166545
166545
166545
166545
166545
166546
166547
166550
166550
166550
166550
166550
166551
166552
166553
166554
166554
166555
166556
166556
166558
166558
166559
166559
166559
166561
166562
166562
166563
166563
166564
166565
166566
166566
166566
166567
166570
166571
166571
166571
166572
166572
166572
166572
166572
166573
166573
166575
166576
