15401
15401
15401
15401
15401
15401
15403
15403
15403
15403
15403
15403
15405
15405
15405
15405
15405
15405
15405
15407
15407
15407
15407
15407
15407
15407
15408
15409
15409
15409
15409
15409
15410
15410
15410
15410
15411
15411
15411
15412
15412
15412
15412
15412
15412
15413
15414
15414
15414
15414
15414
15414
15415
15415
15416
15416
15416
15416
15416
15417
15417
15418
15418
15418
15418
15418
15419
15420
15420
15420
15420
15420
15421
15421
15421
15422
15422
15423
15423
15423
15423
15424
15425
15425
15425
15425
15425
15426
15427
15427
15427
15427
15427
15429
15429
15429
15429
15430
15431
15431
15431
15431
15432
15433
15433
15433
15433
15434
15434
15434
15435
15435
15435
15435
15436
15436
15436
15437
15437
15438
15438
15439
15439
15440
15440
15440
15440
15440
15441
15442
15442
15443
15443
15444
15445
15445
15445
15446
15447
15447
15448
15448
15449
15449
15449
15450
15451
15451
15454
15458
15458
15458
15459
15461
15461
15461
15463
15463
15465
15465
15467
15468
15469
15470
15470
15470
15470
15471
15472
15472
15473
15473
15474
15474
15475
15475
15478
15480
15480
20029
20029
20029
20029
20029
20030
20030
20030
20030
20030
20031
20031
20031
20031
20031
20031
20031
20031
20031
20032
20032
3521
3522
3551
3559
3559
3559
3621
3621
3621
3621
3621
8573
8574
8607
8685
13164
13164
13186
13189
13199
13229
13239
13279
13284
13351
15479
15479
15533
15567
18192
22481
22481
22481
22487
22493
22515
22536
22550
26792
26793
26795
26797
26807
26821
26822
26823
48809
48809
48809
48809
48811
48811
48811
48811
48813
48813
48813
48813
48814
48815
48816
48816
48816
48818
48818
48818
48820
48820
48821
48822
48823
48825
48827
48828
48828
48828
48828
48828
48829
48830
48830
48830
48830
48831
48831
48831
48832
48832
48832
48833
48833
48833
48833
48834
48835
48860
48862
48864
48864
48864
48866
48866
48866
48868
48868
48868
48870
48870
48870
48871
48871
48872
48873
48873
48874
48876
48878
48878
48880
48883
48883
48883
48885
48885
48886
48887
48887
48889
48889
48889
48891
48892
48892
48893
48894
48894
48894
48894
48895
48896
48896
48897
48897
48898
48898
48899
48899
48899
48900
48901
48901
48902
48904
48904
48904
48906
48906
48906
48907
48908
48908
48908
48909
48910
48910
48911
48912
48912
48912
48913
48913
48913
48914
48915
48916
48916
48917
48918
48918
48919
48919
48919
48919
48920
48921
48921
48921
48922
48923
48923
48923
48924
48924
48925
48925
48925
48926
48926
48926
48926
18246
18246
18246
18246
18246
18247
18247
18247
18247
18248
18249
18249
18249
18249
18251
18251
18251
18252
18253
18253
18253
18254
18255
18255
18255
18256
18257
18257
18257
18258
18258
18258
18259
18260
18262
18262
18264
18268
18268
18268
18270
18270
18270
18271
18272
18272
18273
18273
18274
18274
18274
18275
18275
18276
18277
18277
18278
18278
18279
18279
18279
18280
18280
18280
18281
18281
18283
18283
18284
18285
18287
18289
18290
18291
18292
18293
18294
18294
18294
18294
18296
18296
18296
18297
18298
18298
18298
18299
18299
18300
18300
18300
18300
18301
18301
18301
18302
18302
18303
18303
18304
18304
18304
18305
18306
18306
18306
18306
18307
18307
18307
18309
18309
18311
18311
18311
18311
18313
18313
18314
18314
18315
18315
18315
18315
18316
18317
18317
18317
18317
18319
18319
18320
18321
18321
18322
18322
18322
18323
18323
18323
18323
18324
18324
18325
18325
18325
18326
18327
18327
18328
18329
18330
18331
18332
18333
18334
18336
18338
18340
18342
18342
18342
18344
18345
18346
18346
18347
18347
18347
18348
18349
18350
18352
18353
18357
18360
18362
18368
18370
39742
39744
39746
39746
39747
39748
39750
39751
39753
39753
39754
39755
39756
39757
39757
39757
39758
39758
39759
39761
13165
13165
13165
13165
13166
13167
13167
13167
13167
13168
13168
13169
13169
13169
13170
13170
13170
13170
13170
13172
13172
13172
13172
13172
13172
13174
13174
13174
13174
13175
13175
13176
13176
13176
13177
13177
13179
13182
13186
13186
13186
13186
13186
13188
13188
13188
13188
13190
13190
13190
13191
13192
13192
13193
13194
13194
13194
13195
13196
13196
13196
13196
13197
13197
13198
13199
13199
13200
13200
13200
13200
13201
13202
13203
13203
13203
13203
13204
13205
13205
13205
13205
13206
13207
13207
13207
13209
13209
13209
13210
13211
13211
13211
13212
13213
13213
13214
13215
13215
13216
13216
13217
13217
13217
13218
13219
13219
13220
13220
13221
13221
13222
13222
13223
13224
13225
13225
13226
13227
13228
13228
13229
13230
13231
13232
13232
13234
13236
13236
13236
13237
13238
13239
13239
13243
13245
44433
44433
44435
44436
44437
44438
44440
44440
44440
44440
44440
44441
44442
44442
44442
44442
44443
44444
44444
44444
44444
44444
44446
44446
44446
44447
44447
44447
44449
44451
44452
44452
44453
44454
44454
44455
44456
44456
44456
44457
44457
44457
44458
44458
44458
44458
44459
44459
44460
44460
44460
44460
44461
44461
44461
44462
44462
44466
44466
44467
44467
44467
44467
44468
22805
22805
22805
22805
22805
22805
22807
22807
22807
22807
22807
22807
22809
22809
22809
22809
22809
22809
22810
22810
22810
22810
22810
22811
22812
22812
22812
22812
22813
22814
22814
22814
22814
22815
22816
22816
22816
22816
22816
22818
22818
22818
22818
22819
22820
22820
22820
22820
22820
22821
22822
22822
22822
22822
22823
22823
22823
22824
22824
22825
22826
22826
22827
22827
22827
22828
22828
22828
22829
22829
22830
22830
22830
22831
22831
22832
22832
22832
22832
22833
22833
22834
22834
22835
22835
22836
22836
22836
22836
22837
22838
22838
22838
22838
22839
22840
22840
22840
22840
22841
22841
22841
22841
22842
22843
22843
22844
22845
22846
22847
22847
22848
22849
22850
22850
22850
22851
22851
22851
22852
22852
22853
22853
22853
22854
22854
22854
22855
22855
22856
22862
22866
22866
22866
22866
22868
22868
22868
22868
22870
22870
22870
22870
22872
22872
22872
22872
22873
22874
22874
22874
22875
22876
22876
22876
22877
22877
22878
22879
22881
22881
22881
22883
22885
22891
22893
22894
22894
22894
22894
22895
22896
22896
22897
22897
22899
22899
22899
22900
22901
22902
22902
22904
22904
22906
22909
22909
40440
40440
40440
40440
40440
40440
40441
40441
40442
40442
40442
40442
40442
19923
19925
19926
19928
19928
19928
19928
19929
19929
19930
19931
19931
19931
19931
19932
19933
19933
19935
19935
19936
19936
19938
19939
19941
19943
19945
19948
19948
19949
19949
19951
19952
19953
19953
19955
19955
19957
19957
19958
19959
19960
19960
19960
19961
19962
19962
19963
19963
19963
19964
19964
19965
19965
19966
19966
19967
19968
19968
19969
19969
19971
20008
20008
20010
20012
20014
20015
20028
20028
20029
20030
20036
20036
20037
20039
20040
20041
20042
20042
20043
20045
20046
20048
20049
20051
20053
20055
20057
20060
20060
20061
20061
20063
20064
20068
20069
20075
20077
20079
20080
20084
20084
20085
20087
20094
20100
20101
20103
20103
20104
20105
20105
20105
20107
20108
20109
20109
20111
20112
20113
20115
20115
20115
20116
20118
20118
20120
20122
20122
20126
20127
20128
20128
20128
20130
20130
20130
20130
20131
20132
20132
20133
20134
20135
20136
20136
20137
20138
20139
20139
20140
20142
20144
20144
20145
20146
20146
20146
20147
20148
20148
20148
20148
20149
20150
20150
20150
20150
20152
20152
20152
20153
20153
20154
20155
20163
20171
102226
102228
102228
102229
102230
102232
102232
102232
102234
102234
102236
102237
102238
102238
102239
102240
102241
102243
102244
102245
102246
102246
102250
26419
26419
26419
26419
26419
26419
26421
26421
26421
26421
26421
26421
26423
26423
26423
26423
26423
26424
26424
26424
26425
26425
26425
26426
26426
26427
26427
26428
26428
26430
26430
26430
26432
26432
26433
26434
26435
26435
26436
26437
26437
26438
26438
26439
26439
26441
26441
26442
26444
26446
26447
26447
26449
26450
26452
26453
26454
26455
26455
26455
26455
26457
26457
26459
26459
26460
26461
26461
26462
26464
26464
26467
26467
26469
26469
26471
26472
26473
26474
26474
26475
26475
26475
26475
26476
26476
26477
26477
26477
26477
26477
26481
26483
26484
26485
26485
26486
26486
26486
26486
26487
26488
26488
26488
26488
26488
26489
26489
26490
26490
51885
51887
51889
51891
51891
51891
51891
51893
51893
51893
51895
51897
51920
51923
51944
51944
51946
51947
51947
51951
51952
51952
51953
51953
51955
51960
51960
51961
51962
51964
51964
51965
51971
51971
51971
51971
66665
66675
66677
66678
66679
66679
66705
66707
66714
66716
66716
66754
109095
109097
109099
109101
109102
109103
109104
109105
109106
109106
109107
109108
109108
109109
109109
109110
109111
109111
109112
109113
109113
109114
109115
109115
109116
109116
109117
109117
109118
109118
109118
109119
109119
109119
109119
109120
109120
109120
109121
109121
109122
109122
26179
26179
26179
26179
26179
26181
26181
26182
26182
26182
26183
26183
26184
26184
26184
26184
26184
26186
26186
26186
26186
26187
26188
26188
26190
26190
26190
26190
26192
26192
26192
26193
26193
26193
26194
26194
26195
26195
26196
26196
26196
26197
26198
26198
26198
26199
26200
26200
26201
26201
26202
26202
26202
26203
26203
26204
26204
26204
26205
26205
26206
26206
26206
26206
26207
26207
26208
26208
26209
26210
26210
26211
26211
26212
26212
26213
26214
26214
26215
26216
26216
26216
26217
26218
26218
26220
26220
26220
26220
26222
26222
26222
26223
26224
26224
26225
26226
26226
26226
26228
26229
26229
26230
26230
26231
26232
26233
26233
26234
26234
26234
26235
104161
104161
104161
104161
104161
104161
104161
104163
104163
104163
104163
104163
104163
104163
104165
104165
104165
104165
104165
104165
104165
104166
104166
104166
104166
104166
104166
104167
104168
104168
104168
104168
104168
104168
104168
104170
104170
104170
104170
104170
104170
104172
104172
104172
104172
104172
104172
104172
104174
104174
104174
104174
104174
104174
104176
104176
104176
104176
104176
104177
104177
104178
104178
104178
104178
104178
104178
104179
104179
104180
104180
104180
104180
104180
104181
104181
104182
104182
104182
104183
104183
104184
104184
104184
104184
104185
104185
104185
16987
16987
16989
16989
16989
16989
16989
16991
16994
16995
16998
16998
17008
17010
17012
17012
17014
17014
17014
17016
17021
17024
17027
17030
17037
17044
17047
17049
17054
17062
17074
17078
17085
17098
162288
162296
162297
162298
162299
162301
162303
162304
162306
162308
162310
162311
162313
162315
162317
162320
162321
162323
162325
162327
162328
162332
162334
162335
162337
162339
162341
162344
162346
162347
162347
162347
162348
162349
162351
162353
162356
162358
162374
162404
162405
162406
162407
162408
162408
162408
162408
162408
162410
162410
162410
162410
162411
162412
162412
162412
162412
162413
162413
162414
162415
162416
162417
162418
162418
162419
162420
162420
162422
162424
162425
162425
162425
162426
162426
162426
162426
162427
162427
162428
162428
162428
162429
162429
162430
162431
162431
162432
162433
162433
162434
162435
162435
162437
162437
162437
162438
162439
162439
162441
162441
162441
162441
162443
162443
162443
162443
162443
162445
162445
162446
162447
162447
162447
162447
162448
162449
162449
162450
162451
162452
162452
162453
162453
162454
162454
162455
162455
162455
162455
162456
162456
162456
162457
162457
162457
162458
162458
162458
162459
162459
162459
162459
162459
162460
162460
162460
162461
162461
162461
162461
162462
162462
162463
162463
162463
162464
162465
162466
162468
162468
162470
162471
162471
162471
162471
52923
52924
52924
52925
52925
52925
52929
52930
52930
52931
52931
52931
52931
52933
52933
52933
52933
52935
52935
52935
52935
52935
52937
52937
52937
52937
52937
52937
52939
52939
52939
52939
52939
52940
52941
52941
52941
52942
52943
52943
52944
52944
52945
52945
52946
52946
52947
52948
52948
52948
52949
52950
52950
52950
52951
52951
52951
52951
52951
52952
52953
52953
52953
52954
52954
52954
52955
52955
52956
52956
52956
52957
52957
52958
52958
52958
52959
52959
52959
52960
52960
52960
52961
52961
52962
52962
52963
52963
52963
52964
52965
52965
52965
52966
52966
52967
52968
52968
52968
52970
52970
52971
52971
52971
52972
52972
52973
52973
52973
52973
52973
52974
52975
52975
52975
52975
52975
52975
52976
52976
52976
52977
52977
52977
52977
52978
52978
52979
52979
52979
52980
52980
52981
52981
52982
52982
52983
52983
52984
52984
52985
52986
52986
52987
52988
52988
52989
52990
52990
52991
52992
52992
52992
52992
52992
52994
52994
52994
52995
52996
52996
52996
52996
52997
52998
52998
52999
52999
53000
53001
53002
53004
53004
53005
53006
53007
53007
53008
53008
53009
53010
53010
53011
53015
53016
53020
53031
154810
154810
154810
154810
154810
154810
154812
154812
154812
154812
154812
154812
154813
139018
139018
139019
139020
139021
139024
139026
139026
139028
139029
139035
139036
139037
139038
139039
139040
139043
139044
139046
139053
139060
139060
139066
139074
139074
139078
139088
139090
139093
139095
139096
139098
139100
139115
139122
139124
139125
139128
139130
139141
161711
161711
161711
161712
161714
161714
161714
161714
161716
161716
161716
161716
161717
161718
161718
161718
161726
161728
161729
161730
161730
161730
161731
161731
161732
161732
161732
161732
161732
161734
161734
161734
161734
161735
161736
161737
161737
161737
161738
161738
161739
161739
161739
161739
161741
161741
161741
161741
161742
161743
161743
161743
161744
161744
161745
161746
161746
161746
161748
161748
161749
161749
161749
161749
161750
161750
161751
161751
161751
161752
161752
161753
161753
161753
161754
161754
161755
161755
161756
161756
161756
161757
161757
161757
161758
161758
161758
161759
161759
161760
161760
161760
161760
161761
161761
161762
161762
161762
161763
161763
161764
161764
161764
161765
161765
161766
161766
161767
161767
161767
161768
161768
161769
161770
161770
161770
161771
161771
161771
161772
161773
161773
161773
161774
161774
161774
161775
161775
161776
161776
161776
161777
161777
161778
161778
161778
161779
161779
161780
161780
161780
161781
161781
161782
161782
161782
161782
161783
161783
161784
161784
161784
161784
161785
161785
161785
161786
161786
161786
161787
28191
28191
28191
28191
28191
28192
28192
28192
28192
28193
28194
28194
28194
28194
28195
28196
28196
28196
28196
28197
28198
28198
28198
28199
28199
28199
28200
28201
28202
28202
28203
28203
28204
28204
28205
28205
28206
28206
28207
28208
28208
28209
28209
28210
28210
28210
28211
28212
28213
28213
28213
28213
28215
28215
28216
28217
28223
28223
28223
28224
28225
28225
28226
28226
28226
28227
28228
28228
28228
28228
28230
28230
28230
28231
28231
28232
28233
28233
28234
28235
28235
28235
28235
28237
28237
28238
28239
28239
28239
28241
28242
28243
28244
28245
28246
28247
28248
28249
28250
28250
28252
28252
28252
28254
28254
28255
28256
28258
28259
28260
28261
28261
28261
28262
28263
28263
28264
28267
28268
28268
28268
28269
28270
28270
28271
28274
28276
28277
28279
28279
28279
28281
28284
28286
28287
28288
28289
28291
28292
28304
225875
225876
225878
225880
225882
225882
225883
225884
225884
225886
225888
225890
225892
225893
225895
225897
225899
225901
225902
225904
225905
225905
225907
225910
225910
225912
225913
225915
225917
225919
225921
225923
225925
225926
225926
225926
225928
225929
225931
225933
225934
225935
225936
225937
225939
225941
225941
225943
225947
225948
225950
225954
225954
225955
225956
225957
225959
225960
225962
225964
